$coord
         -8.157322008886          2.011754433099          2.360138774293     c 
        -10.118323307581          0.793322399757          0.883947966698     c 
         -9.836452581882         -1.917160399334          1.181217567815     c 
         -7.703689436882         -2.373689569729          2.841173159822     c 
         -6.665338889279          0.054529622267          3.569612500167     c 
         -7.830951859307          4.043359215965          2.511456831119     h 
        -11.581201778209          1.749478744041         -0.212673806505     h 
        -11.060813880589         -3.358851074402          0.357918433230     h 
         -7.044494974708         -4.218519064670          3.486841780389     h 
         -5.042927311540          0.367509014465          4.803307321634     h 
         -6.530477385593         -0.332617327510         -0.356861627047     fe
         -5.701711305395         -2.651780647566         -3.432860011596     c 
         -3.425587508995         -2.252535765615         -1.909525298007     c 
         -2.952375920122          0.458938064156         -1.884877006431     c 
         -4.905971907599          1.696589438291         -3.352191980434     c 
         -6.600039619427         -0.222652824311         -4.316186578010     c 
         -6.590119623810         -4.466475987649         -3.840066325034     h 
         -5.023375415263          3.725538638792         -3.707552442635     h 
         -8.240246251511          0.101640505301         -5.524787881097     h 
         -2.056685626476         -4.281279225415         -0.404760104204     c 
         -2.578911569443         -3.985129501974          1.579086589813     h 
         -0.255862701281          2.101349918173         -0.566399813552     p 
         -2.975498493076         -6.885626007059         -1.223422580366     c 
         -4.958604140510         -7.166478361901         -0.728344487441     h 
         -2.843258200097         -7.100574400722         -3.266991135258     h 
         -1.918694682194         -8.428713118927         -0.377263069467     h 
          1.506663036692         -4.000912734043         -0.230910248109     p 
          3.568623734701          0.001267971341          0.237657421258     rh
          2.457546284396         -5.740289770010          2.770773317621     c 
          2.943704027645         -5.113612499146         -3.313592189128     c 
          5.720015188672         -4.344899388156         -3.499166322264     c 
          6.542120653862         -5.026121389268         -5.262106877571     h 
          5.941590748249         -2.298764447475         -3.483836439797     h 
          6.826556237507         -5.141042240931         -1.960096435172     h 
          1.444685895800         -3.795221227193         -5.397702532985     c 
         -0.538540078045         -4.346895352419         -5.365858608701     h 
          1.531712657494         -1.746536440549         -5.178793835170     h 
          2.197622260828         -4.268318422262         -7.258500582584     h 
          2.743427725333         -7.980467823013         -3.549043747836     c 
          0.795435016236         -8.626720910494         -3.488657132206     h 
          3.538698674240         -8.614564421570         -5.341833703890     h 
          3.783514241334         -8.927294951790         -2.047374745090     h 
          1.099450181400         -8.271664418271          3.033950921474     c 
         -0.930637011311         -8.011194075875          3.253312702628     h 
          1.460967008862         -9.496311999121          1.420732144083     h 
          1.755295872313         -9.267429981591          4.715089089429     h 
          1.674373999366         -4.030890649383          4.964635877778     c 
          2.541434887622         -2.173401278430          4.821352022194     h 
         -0.367718813541         -3.759576837448          5.012242152280     h 
          2.237139703055         -4.850357833592          6.771360208487     h 
          5.297731267591         -6.207967049453          2.796049743521     c 
          5.865117085530         -7.468970610529          1.272384594153     h 
          6.345279344959         -4.455877009719          2.614816857966     h 
          5.874496017648         -7.088735679232          4.568135922923     h 
         -1.344050044214          3.447353149869          2.382655478998     c 
         -0.263680733560          3.082269112433          4.714642090630     c 
         -3.391619812613          5.003744276162          2.605075551621     o 
         -1.665013181972          4.490083551776          6.444878339821     c 
          1.387752831820          1.964008053558          5.118515004216     h 
         -3.552475371863          5.652050852865          5.097043638459     c 
         -1.319070727831          4.656905137420          8.444973640969     h 
         -4.975301830241          6.909361190993          5.864547031745     h 
          0.367229444629          4.675358736126         -2.729238006939     c 
          0.268608707033          4.477447402407         -5.314368929799     c 
          1.019369121795          7.082279727402         -2.059153743870     o 
          0.863982908487          6.853039347912         -6.290022552178     c 
         -0.199432136029          2.800797766140         -6.372750144441     h 
          1.307123213307          8.400844366593         -4.254588024436     c 
          0.948249556869          7.377148824007         -8.256380381878     h 
          1.810273090533         10.384785364360         -4.336441957464     h 
          9.031362578203          3.954932020133          1.861118682991     c 
          6.433201808974          3.319030531660          3.232369387717     c 
          8.334707927170          2.199834331128         -0.478454600827     c 
         10.688670126906          3.300385557384          2.908077355214     h 
          9.217300541410          5.950286702607          1.355421214623     h 
          4.570372083071          4.009999064964          1.071725250628     c 
          6.565015310371          0.382856187169          3.184773743868     c 
          6.104123680598          4.221505106247          5.083892820527     h 
          5.712543827375          3.325976777611         -1.161317837051     c 
          7.719505862176         -0.287136281895          0.952036381911     c 
          9.739432256405          2.084456700766         -2.016412767812     h 
          2.912154180435          5.228512087424          1.251162725322     h 
          6.287326001121         -0.843801160692          4.820867503641     h 
          5.061952208604          3.816334653723         -3.058507496335     h 
          8.520565991441         -2.130120919784          0.486808159708     h 
$end
