   40
          3          1          3
          4          4          7
         10          8         17
         29         18         46
         33         47         79
         44         80        123
         37        124        160
         20        161        180
         13        181        193
          8        194        201
          9        202        210
          7        211        217
          4        218        221
          3        222        224
          1        225        225
          1        226        226
          3        227        229
         13        230        242
          9        243        251
         11        252        262
          4        263        266
          9        267        275
          2        276        277
          1        278        278
          2        279        280
          1        281        281
          1        282        282
          1        283        283
          1        284        284
          1        285        285
          1        286        286
          2        287        288
          1        289        289
          2        290        291
          1        292        292
          1        293        293
          1        294        294
          1        295        295
          1        296        296
          1        297        297
