   -0.03812185
   -0.04082557
   -0.03644355
   -0.03780782
   -0.03824849
    0.06405492
    0.08705110
    0.06141266
    0.06279618
    0.05777781
    0.19782404
   -0.04603351
   -0.02454667
   -0.03319517
   -0.04443310
   -0.04325432
    0.04685486
    0.05209243
    0.05681998
   -0.04517600
    0.08030310
    0.00036323
   -0.07464812
    0.04393698
    0.04777389
    0.04293298
    0.00704881
    0.26881014
   -0.01874102
   -0.02022511
   -0.07522670
    0.04572892
    0.05504478
    0.04375964
   -0.07578264
    0.05455483
    0.03321371
    0.04386744
   -0.07557573
    0.05221112
    0.04695386
    0.02503577
   -0.07890570
    0.05391727
    0.05463772
    0.06787951
   -0.07716087
    0.03954580
    0.03552317
    0.05527111
   -0.07592554
    0.05592739
    0.04301920
    0.04520655
    0.08787660
   -0.03691638
   -0.40151159
   -0.03218621
    0.09729947
    0.08438176
    0.06995956
    0.05425530
    0.08762434
   -0.03383666
   -0.38481153
   -0.03014047
    0.04833182
    0.08976425
    0.07087717
    0.06888697
   -0.04940256
   -0.02472359
   -0.02768049
    0.06501555
    0.06547941
   -0.04668191
   -0.04565931
    0.05857345
   -0.04801969
   -0.04948284
    0.05427291
    0.06122197
    0.04401661
    0.03905631
    0.03528637
