           1           2   1.29001350708209     
           2           3   1.31028667819333     
           3           4   1.29808803992450     
           1           5   1.31433449567439     
           4           5   1.30006694879887     
           1           6  0.962899304540272     
           2           7  0.963277088448324     
           3           8  0.961790747781241     
           4           9  0.962004500886113     
           5          10  0.961587443964121     
           1          11  0.301330626085152     
           2          11  0.306190582576768     
           3          11  0.297450756858876     
           4          11  0.314054536015341     
           5          11  0.288903312569389     
          11          12  0.289839868357698     
          11          13  0.311935237358571     
          12          13   1.27881325231730     
          11          14  0.289340426176148     
          13          14   1.19555840977839     
          11          15  0.302328761974169     
          14          15   1.23593752495712     
          11          16  0.283316945242937     
          12          16   1.29870488571445     
          15          16   1.31858750674383     
          12          17  0.962005946205087     
          15          18  0.964207072368364     
          16          19  0.965624302368336     
          13          20  0.998773532774547     
          20          21  0.921517199477059     
          14          22   1.00614668343517     
          20          23  0.996410529712556     
          23          24  0.971122001590465     
          23          25  0.972854940151405     
          23          26  0.976931880282845     
          20          27  0.938244432301576     
          22          28  0.861305699730568     
          27          28  0.843532966669111     
          27          29  0.910685333973936     
          27          30  0.913862505896570     
          30          31  0.994768127660409     
          31          32  0.972581797623202     
          31          33  0.976457451716298     
          31          34  0.976157874856523     
          30          35  0.993329732511275     
          35          36  0.977183515716917     
          35          37  0.968504679352572     
          35          38  0.973716564851495     
          30          39  0.988494813753177     
          39          40  0.977197955728768     
          39          41  0.962746008215049     
          39          42  0.925045159401395     
          29          43  0.989207229897185     
          43          44  0.973096530733430     
          43          45  0.978373959922252     
          43          46  0.956390484939875     
          29          47  0.992357337259208     
          47          48  0.972654837098740     
          47          49  0.969182272879732     
          47          50  0.977497225457289     
          29          51  0.993662970192126     
          51          52  0.976466862337417     
          51          53  0.969749315574929     
          51          54  0.977526070107392     
          22          55  0.964012939440250     
          55          56   1.55017006895937     
          55          57   1.08991937822018     
          56          58   1.30353785461618     
          56          59  0.970828499511776     
          55          60  0.144593139485060     
          57          60   1.14241663700979     
          58          60   1.59522292494552     
          58          61  0.970113269984578     
          60          62  0.963168494180843     
          22          63  0.987153911204998     
          63          64   1.53217897163146     
          63          65   1.10186769130977     
          64          66   1.31276892054608     
          64          67  0.969338031045095     
          63          68  0.140875299935081     
          65          68   1.14565371500297     
          66          68   1.59096430682638     
          66          69  0.971174532626733     
          68          70  0.962737374184733     
          71          72  0.975630779041824     
          71          73  0.975705131025175     
          71          74  0.975244013327784     
          71          75  0.975311749208406     
          28          76  0.435808396708799     
          72          76  0.967061879627291     
          28          77  0.450475165157213     
          72          77  0.970532243626556     
          72          78  0.971254252299127     
          28          79  0.457721343457978     
          73          79  0.971232447854191     
          76          79   1.49868032662658     
          28          80  0.441500209124856     
          73          80  0.964881629301996     
          77          80   1.50874956860850     
          73          81  0.970950115840840     
          76          82  0.935963163040652     
          77          83  0.930116788930655     
          79          84  0.935269875890651     
          80          85  0.933606681851882     
