$coord
         -8.246392753725         -1.040550737195         -2.615701126122     c 
         -9.945751459539          0.215439552335         -0.875314714204     c 
         -9.480859783166          2.910285945961         -1.027023152507     c 
         -7.509213421983          3.321005255026         -2.882177775175     c 
         -6.746924158079          0.879340018692         -3.865491041508     c 
         -8.186850981654         -3.066827258412         -2.995908153725     h 
        -11.381338005530         -0.702814297992          0.286837236354     h 
        -10.507439340836          4.377219003893         -0.002322974536     h 
         -6.861764184651          5.157155078621         -3.560910238093     h 
         -5.446211452283          0.561013211717         -5.434544843820     h 
         -6.142657759708          1.033748820953          0.077702942300     fe
         -5.620004596191          2.333418013843          3.787814665921     c 
         -3.130800733576          1.985569443781          2.627534048043     c 
         -2.966325882182         -0.657723804685          1.868718597054     c 
         -5.302308911006         -1.913597597901          2.567120168580     c 
         -6.932947116057         -0.071211708719          3.773510247020     c 
         -6.259679658003          4.044020073349          4.745191846301     h 
         -5.694959093480         -3.925685015641          2.338929887690     h 
         -8.777963917044         -0.450680705365          4.615761720373     h 
         -0.867483994116          3.635510577117          3.259740390205     c 
         -1.579163247113          5.561863788705          3.533717272545     h 
         -0.071952554802         -2.233533204545          0.850220766856     p 
          0.266853794889          2.727837782939          5.741389665157     c 
         -1.220319506927          2.256439751020          7.091861779170     h 
          1.379681988036          1.021025341301          5.455557059273     h 
          1.453884156322          4.141029715260          6.652169606268     h 
          1.509388048912          3.980922263931          0.618054626535     p 
          3.049181981289          0.162892982212         -1.213324822953     rh
         -0.235237519466          5.605388515372         -2.076972649770     c 
          4.337121791288          5.810865439872          1.872402593981     c 
          5.841322247861          4.048848593570          3.605742760375     c 
          6.372062298369          2.317173610219          2.631172876741     h 
          7.574404311138          4.963019375965          4.247146805590     h 
          4.795281006406          3.513409089423          5.287564440127     h 
          3.342215240126          8.096920345935          3.324115946517     c 
          4.900791852054          9.197122000103          4.106010742412     h 
          2.124477569577          7.548822907470          4.887795454022     h 
          2.256463227842          9.339047390850          2.090865596908     h 
          6.091757275246          6.725326279138         -0.243452219583     c 
          6.401472992812          5.271433736401         -1.657268753007     h 
          5.358847570094          8.397983028598         -1.184967523359     h 
          7.931960041140          7.256089817427          0.518439073705     h 
         -1.184414748850          3.500567839404         -3.802363295619     c 
         -2.482022507354          4.241605933709         -5.223116036581     h 
          0.371824290976          2.596915582125         -4.807236922274     h 
         -2.161848431847          2.052498130022         -2.712878543572     h 
          1.425111830580          7.404292263995         -3.596785936153     c 
          0.411137193613          8.092215273007         -5.253909275882     h 
          1.936765175057          9.056718216312         -2.483135267755     h 
          3.131239244483          6.474008412417         -4.267814170435     h 
         -2.447925389311          7.094917462818         -0.974128699521     c 
         -3.792878601586          5.858988239971         -0.026469303122     h 
         -1.794637879375          8.502547291431          0.380336541861     h 
         -3.467039964453          8.094064219615         -2.461507083468     h 
          1.451599728605         -3.331793979205          3.708427786750     c 
          3.983862226431         -2.959361474830          4.192467689560     c 
         -0.036416844329         -4.559983585273          5.454337964749     c 
          5.030989331061         -3.823033040951          6.423036408065     c 
          5.149323321830         -1.993963808649          2.834750050295     h 
          1.004781662954         -5.430801178418          7.687823071800     c 
         -2.018545254193         -4.825763632587          5.067605727805     h 
          3.540406060533         -5.060358471375          8.168297495059     c 
          7.011587116574         -3.533770740451          6.797098554651     h 
         -0.163233149323         -6.394002621352          9.049500762372     h 
          4.357000805741         -5.739099502877          9.906215892951     h 
         -1.084386290711         -4.926828942347         -0.965719566445     c 
         -0.311462700419         -7.331633811513         -0.343857487943     c 
         -2.668624247384         -4.537323160863         -2.990002002732     c 
         -1.111492994616         -9.365260226602         -1.775797004769     c 
          0.907073006690         -7.613002808737          1.263044604751     h 
         -3.472232258242         -6.566277991424         -4.427439665491     c 
         -3.271054825561         -2.643374243255         -3.429894926891     h 
         -2.688096808053         -8.978253004296         -3.818058596093     c 
         -0.507135885809        -11.249500037095         -1.295494771450     h 
         -4.708106582471         -6.263847164559         -6.017072388749     h 
         -3.313119048804        -10.562820267447         -4.934457021453     h 
          7.842192612169         -2.719722954649         -5.287101921008     c 
          7.546505524822         -2.396670528322         -2.312629764930     c 
          5.237137774212         -1.305408676669         -5.793075168990     c 
          7.830287885764         -4.694148345112         -5.897808635239     h 
          9.477388215435         -1.717917909776         -6.057766073508     h 
          7.116825138896          0.511192138906         -2.188722993690     c 
          4.872383338997         -3.563364583542         -1.963229386312     c 
          8.128847304210          1.797450376647         -0.933054952890     h 
          5.727784834896          1.169175667337         -4.286750691441     c 
          3.485571460875         -2.895173481377         -4.054951513601     c 
          9.076059284936         -3.177029595716         -1.128334712266     h 
          4.653427957392         -1.099692860763         -7.785243784096     h 
          4.307602620906         -4.910704689389         -0.506209431411     h 
          5.372055448301          3.077338426825         -4.984525646094     h 
          1.611429865108         -3.597101754713         -4.552189873201     h 
$end
