   26
          1          1          1
          2          2          3
          8          4         11
         10         12         21
          6         22         27
          7         28         34
          1         35         35
          6         36         41
         80         42        121
        190        122        311
         77        312        388
         14        389        402
         14        403        416
          7        417        423
          5        424        428
          2        429        430
          2        431        432
         14        433        446
         26        447        472
          8        473        480
          2        481        482
          2        483        484
          1        485        485
          1        486        486
          4        487        490
         10        491        500
