   -0.04039454
   -0.03919432
   -0.03877450
   -0.03923929
   -0.04001726
    0.05098242
    0.05086029
    0.05809617
    0.05537476
    0.04663192
    0.19489977
   -0.04589715
   -0.02847022
   -0.03597469
   -0.04442375
   -0.04332946
    0.04286832
    0.04889422
    0.05340605
   -0.04053833
    0.02690180
   -0.00107650
   -0.07392025
    0.03993783
    0.04044392
    0.04077256
   -0.00877634
    0.25616710
   -0.01942078
   -0.01868072
   -0.07466240
    0.04454129
    0.05257790
    0.04256512
   -0.07534630
    0.05243634
    0.04288496
    0.03456596
   -0.07517246
    0.04885136
    0.04231267
    0.02373405
   -0.07417160
    0.03975654
    0.05145571
    0.03035695
   -0.07683022
    0.03955281
    0.03660151
    0.05326490
   -0.07519644
    0.05349284
    0.04176594
    0.04397221
   -0.02773377
   -0.03541169
   -0.03557806
   -0.03413783
    0.04763879
   -0.03421276
    0.02467561
   -0.03235330
    0.06134851
    0.05738727
    0.06546463
   -0.02395052
   -0.03350068
   -0.03399899
   -0.03101720
    0.05030731
   -0.03203465
    0.04132536
   -0.02995238
    0.06449775
    0.06150135
    0.06765363
   -0.04906713
   -0.02781507
   -0.02806258
    0.06144161
    0.06081263
   -0.04735626
   -0.04921178
    0.04009945
   -0.04849747
   -0.04928876
    0.05074779
    0.05076278
    0.03296187
    0.04138193
    0.03175393
