# indices of neighbouring atoms (max seven)
2 5 6
1 3 7
2 4 8
3 5 9
1 4 10
1
2
3
4
5
1 2 3 4 5 12 13 14 15 16
13 16 17
12 14 20
13 15 22
14 16 18
12 15 19
12
15
16
13 21 23 27
20
14 28 55 66
20 24 25 26
23
23
23
20 28 29 30
22 27 82 83 85 86
27 43 47 51
27 31 35 39
30 32 33 34
31
31
31
30 36 37 38
35
35
35
30 40 41 42
39
39
39
29 44 45 46
43
43
43
29 48 49 50
47
47
47
29 52 53 54
51
51
51
22 56 57
55 58 59
55 60 61
56 62 63
56
57 62 64
57
58 60 65
58
60
62
22 67 68
66 69 70
66 71 72
67 73 74
67
68 73 75
68
69 71 76
69
71
73
78 79 80 81
77 82 83 87
77 85 86 88
77
77
78 84 85
78 86 89
82
79 82 90
79 83 91
78
79
83
85
86
