           1           2   1.29439641522816     
           2           3   1.30923883837528     
           3           4   1.29589213324729     
           1           5   1.31910085501074     
           4           5   1.29775134305286     
           1           6  0.963037209082135     
           2           7  0.962758955646906     
           3           8  0.962648828400268     
           4           9  0.963855369398362     
           5          10  0.963670703465049     
           1          11  0.292494895939808     
           2          11  0.301655708749545     
           3          11  0.299496016633287     
           4          11  0.313404779789186     
           5          11  0.284552081569721     
          11          12  0.294546511787066     
          11          13  0.309757038173162     
          12          13   1.27327884604172     
          11          14  0.288161567819102     
          13          14   1.20173044485974     
          11          15  0.300579897699165     
          14          15   1.24076027475627     
          11          16  0.283532618041324     
          12          16   1.29747275106736     
          15          16   1.31737653597734     
          12          17  0.962457313687052     
          15          18  0.963503763392150     
          16          19  0.967396479517807     
          13          20  0.997189473665949     
          20          21  0.922262725750550     
          14          22   1.00551522408758     
          20          23  0.996223482206025     
          23          24  0.972046786167759     
          23          25  0.972858636819392     
          23          26  0.976187791363168     
          20          27  0.941827818939944     
          22          28  0.882670949850735     
          27          28  0.843066107369833     
          27          29  0.910697311664326     
          27          30  0.914747076208001     
          30          31  0.994746844557585     
          31          32  0.972998528243893     
          31          33  0.976357924276569     
          31          34  0.976038134930999     
          30          35  0.993527058794271     
          35          36  0.977213340521681     
          35          37  0.973749908338412     
          35          38  0.967930862070629     
          30          39  0.988224110311689     
          39          40  0.977704121368838     
          39          41  0.963311821875693     
          39          42  0.918922892093010     
          29          43  0.989848461180082     
          43          44  0.973580092871097     
          43          45  0.978128331024543     
          43          46  0.957667384071599     
          29          47  0.992491654957264     
          47          48  0.973346659247899     
          47          49  0.967839381304894     
          47          50  0.977525808541430     
          29          51  0.993893872309938     
          51          52  0.976242940395780     
          51          53  0.970265623498132     
          51          54  0.976949918403603     
          22          55  0.958973841599834     
          55          56   1.38632403529272     
          55          57   1.40098150243227     
          56          58   1.45044368947690     
          57          58  0.106187109227284     
          56          59  0.963604205093534     
          56          60  0.110114956522477     
          57          60   1.44072436788029     
          57          61  0.921690129277611     
          55          62  0.105908587053295     
          58          62   1.42921779759106     
          60          62   1.43876027132074     
          58          63  0.967869605779730     
          60          64  0.968590382188665     
          62          65  0.969688354737609     
          22          66  0.968775738567631     
          66          67   1.39279159341288     
          66          68   1.38612780644597     
          67          69   1.44423684340309     
          68          69  0.108289779362139     
          67          70  0.958634797842168     
          67          71  0.107080243546178     
          68          71   1.45129448699272     
          68          72  0.955055530233300     
          66          73  0.105539033656793     
          69          73   1.43750421917055     
          71          73   1.43176174149949     
          69          74  0.968507364197272     
          71          75  0.968469825664786     
          73          76  0.969761120543436     
          77          78  0.975676534594134     
          77          79  0.975425346230395     
          77          80  0.975247779857019     
          77          81  0.975409908720492     
          28          82  0.438589751538992     
          78          82  0.966625374657904     
          28          83  0.443314820299264     
          78          83  0.971464620541395     
          82          84  0.933950993951931     
          28          85  0.464709847246185     
          79          85  0.972319721975839     
          82          85   1.49248342580858     
          28          86  0.433771285045435     
          79          86  0.963864233511228     
          83          86   1.51445797399989     
          78          87  0.971217102789802     
          79          88  0.971056623229029     
          83          89  0.930499911051054     
          85          90  0.933963885963108     
          86          91  0.933557880121087     
