$coord
          2.478020318182          2.167238631720          0.657495511050     p 
          5.456985723650          3.102285576481         -0.722460237426     c 
          7.426888081699          1.423946772958         -0.983017091853     c 
          9.668270464230          2.193643003481         -2.080531656443     c 
          9.932157587422          4.650669144967         -2.913385540792     c 
          7.961015237881          6.337015579997         -2.646465748547     c 
          5.721770009354          5.557007746516         -1.547724295825     c 
          1.142717952771          4.965503886732          2.014223904104     c 
         -0.544100073575          6.413189030836          0.668259219793     c 
         -1.502844244857          8.602858240734          1.723579120350     c 
         -0.757831167386          9.327400525298          4.116477127154     c 
          0.959216319310          7.883491214645          5.447940460631     c 
          1.923775685675          5.699487508968          4.383273690559     c 
         -3.294010737725         -0.571922996086          1.117300772524     p 
         -1.880746689871         -1.034269952945          4.339520052695     c 
         -2.322732240044          1.177653669963          6.113245872470     c 
          2.917557124620         -0.245628664013          3.091159517701     c 
          0.898880168434         -1.722062623212          4.268366341743     c 
          2.094753191775         -3.440781593676          6.071296781158     c 
          4.794854238257         -2.999309422518          6.032098532730     c 
          5.300463912414         -1.019864600002          4.210547149362     c 
          7.210612100187         -0.487167710873         -0.328490627885     h 
          4.175465094248          6.862942855481         -1.319568340673     h 
         -1.070376737844          5.853629293519         -1.216359672182     h 
          3.281073359804          4.558194470223          5.388257771696     h 
         -2.899421420149         -2.679034699639          5.086984464714     h 
         -4.320071041224          1.530430813297          6.463628705247     h 
         -1.510267898889          2.902170624830          5.345575071952     h 
         -1.429412021597          0.845416493521          7.943080280131     h 
         -0.386796391818          0.202778126369         -2.144090378147     rh
          7.140829562480         -0.168241957714          3.839301500786     h 
          3.542634283831         -4.075341820244          2.422112759721     fe
          2.709450087481         -5.780685125623         -1.062395985610     c 
          2.639815131323         -7.627039324970          0.964465850441     c 
          5.118888089220         -7.683788121961          2.136417508568     c 
          6.713144925766         -5.872725628837          0.831914405770     c 
          5.221557408381         -4.703122274188         -1.146983911591     c 
          1.218551998247         -5.397615925711         -2.429346065626     h 
          5.706651866333         -8.930904665291          3.671590077586     h 
          8.714891414079         -5.536372283835          1.201488534107     h 
          5.931867181330         -3.456788652256         -2.627084481295     h 
         11.679933446120          5.254523971419         -3.766974753035     h 
         -1.501368794834         11.035925280689          4.938312413311     h 
          6.191841983346         -3.919759868933          7.239328200535     h 
          1.095906541600         -4.692560768579          7.369593763156     h 
          1.055076480611         -8.858986479880          1.439898398884     h 
         -2.806704944955          9.757257360983          0.668962491699     h 
          1.556800456996          8.460266493689          7.307023157231     h 
          8.166470388769          8.258355378309         -3.288879580729     h 
         11.208269983483          0.876670074598         -2.282525195055     h 
         -5.493087340337          2.180795994333          1.312769471613     c 
         -6.185498162374          3.382200331133         -1.239367565039     c 
         -7.920239589660          1.561400914128          2.786536173531     c 
         -4.429054680846          3.598472979735          2.385558741885     h 
         -7.755737149967          5.806793449892         -0.850693404135     c 
         -7.300358261615          2.034808001198         -2.341766516006     h 
         -4.486123118178          3.761044704000         -2.361916079878     h 
         -9.493335491967          3.971174314066          3.239876161156     c 
         -9.052297467960          0.222639907278          1.686961997573     h 
         -7.500913097059          0.573637012671          4.558901324482     h 
        -10.153003970730          5.263179750203          0.713208091179     c 
         -8.244098813883          6.666206717386         -2.676020839406     h 
         -6.605543389374          7.218954633463          0.134976580437     h 
        -11.211140010249          3.538928462648          4.321991848251     h 
         -8.409141878848          5.284618671445          4.420210282090     h 
        -11.225740278598          7.009895192397          1.041882919156     h 
        -11.418170887199          4.035181317882         -0.375568218483     h 
         -5.228213774908         -3.494991977735          0.717797036668     c 
         -6.974389225455         -3.539250272017         -1.602973254557     c 
         -3.570568495517         -5.870800818614          0.768511375564     c 
         -6.427955898181         -3.522212372656          2.409544871221     h 
         -8.632710580194         -5.935790057381         -1.613654003008     c 
         -5.821729753845         -3.514120438962         -3.316121378118     h 
         -8.141911035066         -1.832539888619         -1.690950742101     h 
         -5.195689449883         -8.288923454118          0.780682563533     c 
         -2.373473559503         -5.867656010956         -0.915789357615     h 
         -2.269692329939         -5.826467755247          2.382996152556     h 
         -6.993309055835         -8.340964009678         -1.510040269115     c 
         -9.875129095116         -5.962597987487         -3.276550729334     h 
         -9.901858989368         -5.898938233476          0.023953892690     h 
         -3.996404800350         -9.982776600038          0.816399196368     h 
         -6.306826968906         -8.359762649665          2.528165772089     h 
         -8.185064544913        -10.040384602316         -1.469230191978     h 
         -5.880299883068         -8.488279749209         -3.251878322398     h 
         -0.055909472187          0.179928375229         -9.031299583811     c 
          1.031046687456         -1.608635327225         -6.871178539116     c 
         -1.355929163698          1.989006159864         -7.010484160071     c 
         -1.412202977505         -0.768446304552        -10.269167078721     h 
          1.420496492612          1.116829191980        -10.133020308734     h 
          2.410912247628          0.405457294027         -5.236112312347     c 
         -1.463097729483         -2.174143045943         -5.414913530487     c 
          2.157548693986         -3.251409515027         -7.491347216054     h 
          0.975221393678          2.568075799213         -5.314261349212     c 
         -2.900675290733         -0.010359935346         -5.505873427554     c 
         -2.407660385293          3.627891900910         -7.758121677791     h 
          4.296327193652          0.233843643432         -4.418069830136     h 
         -2.099263627655         -4.041936906926         -4.811345472026     h 
          1.521328267772          4.416498252967         -4.574829456013     h 
         -4.893055529635          0.145611424232         -5.001373608533     h 
$end
