# indices of neighbouring atoms (max seven)
2 8 17 30
1 3 7
2 4 22
3 5 50
4 6 42
5 7 49
2 6 23
1 9 13
8 10 24
9 11 47
10 12 43
11 13 48
8 12 25
15 30 51 68
14 16 18 26
15 27 28 29
1 18 21
15 17 19
18 20 45
19 21 44
17 20 31
3
7
9
13
15
16
16
16
1 14 90 91 93 94
21
17 18 19 20 21 33 34 35 36 37
34 37 38
33 35 46
34 36 39
35 37 40
33 36 41
33
35
36
37
5
11
20
19
34
10
12
6
4
14 52 53 54
51 55 56 57
51 58 59 60
51
52 61 62 63
52
52
53 61 64 65
53
53
55 58 66 67
55
55
58
58
61
61
14 69 70 71
68 72 73 74
68 75 76 77
68
69 78 79 80
69
69
70 78 81 82
70
70
72 75 83 84
72
72
75
75
78
78
86 87 88 89
85 90 91 92
85 93 94 95
85
85
86 93 96
86 94 97
86
87 90 98
87 91 99
87
90
91
93
94
