   -0.00053412
   -0.02780033
   -0.03580647
   -0.03466720
   -0.03265955
   -0.03421576
   -0.03521057
   -0.02515446
   -0.03480424
   -0.03297787
   -0.03079633
   -0.03190267
   -0.03395859
   -0.01253597
   -0.03938143
   -0.07315341
   -0.03622563
   -0.02721461
   -0.04642164
   -0.04437779
   -0.04533310
    0.02303988
    0.04804336
    0.03961110
    0.04903253
    0.02834285
    0.04094382
    0.03847914
    0.03937022
    0.25736229
    0.04641838
    0.19522925
   -0.03962941
   -0.03937190
   -0.03957732
   -0.04078578
   -0.04021133
    0.05350395
    0.04931124
    0.04991368
    0.04524696
    0.06318972
    0.06475289
    0.04972144
    0.04098685
    0.05584629
    0.05751344
    0.06214160
    0.06000033
    0.05455063
   -0.03934646
   -0.04877742
   -0.04972522
    0.03451457
   -0.05157289
    0.04158069
    0.03597879
   -0.05115748
    0.03938145
    0.01994817
   -0.05097079
    0.05029933
    0.04898444
    0.04473529
    0.04691142
    0.05299818
    0.04747932
   -0.04059925
   -0.04915830
   -0.04897246
    0.03018444
   -0.05135756
    0.03724452
    0.02474670
   -0.05151630
    0.03852462
    0.03801427
   -0.05111647
    0.04897918
    0.04623065
    0.05162561
    0.04937108
    0.05442241
    0.04940373
   -0.04903285
   -0.02835943
   -0.02848140
    0.05860206
    0.05890715
   -0.04822951
   -0.04942224
    0.04928067
   -0.04904635
   -0.04925452
    0.04738999
    0.03791911
    0.03197270
    0.04070306
    0.03191892
