           1           2  0.959894979163886     
           2           3   1.39971335566166     
           3           4   1.44069449552435     
           2           5  0.105928914720772     
           4           5   1.43857292440092     
           3           6  0.106203037642563     
           5           6   1.42914424730375     
           2           7   1.38681320451124     
           4           7  0.110074364435514     
           6           7   1.45158619378564     
           1           8  0.969939777943911     
           8           9   1.38749360894806     
           9          10   1.44907436243398     
           8          11  0.105107830785760     
          10          11   1.43375569485264     
           9          12  0.107744519896314     
          11          12   1.43501448614755     
           8          13   1.38827224056836     
          10          13  0.107520962696095     
          12          13   1.44760519589098     
          14          15  0.945562822655916     
          15          16  0.995610949367426     
           1          17   1.00554067580775     
          15          18  0.991549695296698     
          17          18   1.20092833751186     
          18          19   1.27537239658643     
          19          20   1.29569623856349     
          17          21   1.24033253767836     
          20          21   1.31731973734985     
           3          22  0.923835914130628     
           7          23  0.963885282482142     
           9          24  0.954989740353935     
          13          25  0.959404093903877     
          15          26  0.920895056013902     
          16          27  0.977268853116144     
          16          28  0.974462261714561     
          16          29  0.977745402135444     
           1          30  0.888960265597190     
          14          30  0.885532552265771     
          21          31  0.962592075934412     
          17          32  0.289099182496423     
          18          32  0.313789932373683     
          19          32  0.296179714395395     
          20          32  0.285878469225387     
          21          32  0.302143086478286     
          32          33  0.316520445541914     
          32          34  0.302119077417121     
          33          34   1.29454479154928     
          32          35  0.303232770853772     
          34          35   1.30968904470964     
          32          36  0.296512925293049     
          35          36   1.29434240614135     
          32          37  0.289224996100627     
          33          37   1.29785211169199     
          36          37   1.31616999611171     
          33          38  0.963600705449748     
          35          39  0.962255506554425     
          36          40  0.962569691141005     
          37          41  0.963900108710279     
           5          42  0.969673825686586     
          11          43  0.969803789808663     
          20          44  0.966655949783875     
          19          45  0.962857920833347     
          34          46  0.961828164224829     
          10          47  0.968501531635677     
          12          48  0.968468642141220     
           6          49  0.967838098650480     
           4          50  0.968543785792610     
          14          51  0.961083159864950     
          51          52  0.986084523173874     
          51          53  0.984282928088687     
          51          54  0.931213369012864     
          52          55   1.00151929746355     
          52          56  0.966890019180557     
          52          57  0.966455142936288     
          53          58   1.00501965518574     
          53          59  0.958316459250552     
          53          60  0.911388973800366     
          55          61   1.00958242507615     
          58          61   1.00746083571527     
          55          62  0.975068802304056     
          55          63  0.976667969371066     
          58          64  0.975417377462307     
          58          65  0.976065189697710     
          61          66  0.976246543449755     
          61          67  0.976835734902443     
          14          68  0.956572055874553     
          68          69  0.986531936554989     
          68          70  0.986887043488820     
          68          71  0.926642325501192     
          69          72   1.00449075508049     
          69          73  0.967100004302895     
          69          74  0.949789729989725     
          70          75   1.00066473805510     
          70          76  0.969624257460149     
          70          77  0.969005930592205     
          72          78   1.00823008670676     
          75          78   1.00951289264233     
          72          79  0.975577640678717     
          72          80  0.976214406744020     
          75          81  0.975007338968123     
          75          82  0.976880611272490     
          78          83  0.976167878228093     
          78          84  0.976951672120630     
          85          86  0.975734352763088     
          85          87  0.975645673004806     
          85          88  0.975427104946776     
          85          89  0.975489689620764     
          30          90  0.427926472706348     
          86          90  0.967161577557049     
          30          91  0.445812321243049     
          86          91  0.968636439589990     
          86          92  0.971105200902957     
          30          93  0.435840300952393     
          87          93  0.969218509612712     
          90          93   1.51941367833204     
          30          94  0.436668698085115     
          87          94  0.966010861616058     
          91          94   1.51184832978220     
          87          95  0.971025130298003     
          90          96  0.936541682556525     
          91          97  0.934247929296956     
          93          98  0.935418288679640     
          94          99  0.936334506407200     
