$coord
         -2.898609097262         -3.114361951986         -0.309438674859     p 
         -0.047912951324          2.038840801852          1.836170839238     p 
          0.358066630641         -3.449653247194         -0.874862457620     n 
          1.555883102762         -0.415824826637          3.414027129208     n 
          4.063710826312         -0.883955196412         -1.590702367105     c 
          5.161722058314         -1.851894202332          0.788759246193     c 
          5.413556333279          0.839075023745         -3.184245280117     c 
          7.463477651704         -3.293471017254          0.705381434758     c 
          1.687906407581         -1.780665033112         -2.395344687714     c 
          3.848271068753         -1.674461784318          3.110647818275     c 
          4.374168786656          1.565476448100         -5.542304983967     c 
          8.424850139441         -4.420489877815          2.936035782036     c 
          0.706994091923         -1.010225015905         -4.753189906346     c 
          4.830882121239         -2.903167243619          5.267836128484     c 
          2.002230064270          0.588998244180         -6.284235666136     c 
          7.045975576502         -4.192216666491          5.207665040255     c 
          7.761328029099          1.875747635301         -2.467310449432     c 
          8.778423676974         -3.729298747078         -1.574090841696     c 
          5.727707836312          3.253898049398         -7.093191161502     c 
         10.691037189126         -5.815517283755          2.826728064619     c 
          9.028041662826          3.504761566663         -4.011833008093     c 
         10.959937288688         -5.101546125773         -1.626019513953     c 
          8.006723506978          4.196313567405         -6.342294309472     c 
         11.935494804898         -6.137297173541          0.592851506884     c 
         -3.362997233668         -3.502993258251          3.023511984056     c 
         -4.679784338617         -5.394580469123         -2.058710295488     c 
         -1.688472384282          3.651482061984          4.362575467434     c 
          2.298564702875          4.257458831281          0.773046709717     c 
         -2.228696174700         -5.522607095777          4.205016561369     c 
         -7.140599650106         -5.922157066235         -1.405948249741     c 
         -3.917219429837          4.953301528112          4.034109725728     c 
          4.380143188693          4.552570255381          2.303760349226     c 
         -4.586694127975         -1.674734644304          4.409211103289     c 
         -3.549520711264         -6.595377224070         -4.066026227393     c 
         -0.588866541620          3.531927290489          6.716694978541     c 
          2.029148079795          5.724385073538         -1.355298627912     c 
         -2.296235075370         -5.702761225227          6.811996250557     c 
         -8.498758095728         -7.667607446699         -2.798610113367     c 
         -5.059990480128          6.124273003908          6.068538146934     c 
          6.210189870593          6.321847791419          1.705663690273     c 
         -4.648795190481         -1.847640518793          7.013510324877     c 
         -4.903571753442         -8.342139436793         -5.461387328700     c 
         -1.722576092744          4.705048497549          8.759335874145     c 
          3.852599442009          7.490591876340         -1.965692180915     c 
         -3.493906001176         -3.855622799627          8.210822744915     c 
         -7.378467555843         -8.870786566679         -4.825384391801     c 
         -3.962036373785          5.998673178436          8.430295887998     c 
          5.939100850063          7.792527769806         -0.430543769965     c 
         -3.471479183743          1.281069734743         -1.065743327671     rh
          1.164675086378         -3.915319964240          0.799809136356     h 
          0.291244076701         -1.141551954065          4.656994747847     h 
         -1.094552830180         -1.748469538733         -5.333853849653     h 
          3.786522182756         -2.760936198014          7.006796228734     h 
          1.236847238296          1.130078889444         -8.089045241664     h 
          7.762044666470         -5.084853231411          6.889027595403     h 
          8.543556761113          1.374374219331         -0.659448335894     h 
          8.027214291672         -2.975600563410         -3.304506168122     h 
          4.936565206525          3.793307474701         -8.887323922045     h 
         11.420186194320         -6.646589359679          4.533897144220     h 
         10.822158984874          4.271761304709         -3.429822687014     h 
         11.935953644909         -5.396215411826         -3.388862955676     h 
          9.023800241341          5.484942931410         -7.547167863373     h 
         13.663388887497         -7.213564822305          0.532282487535     h 
         -1.258675122208         -6.925917074366          3.089009325533     h 
         -7.984005081020         -4.972345027071          0.187734931769     h 
         -4.774779708410          5.047486354005          2.196327289083     h 
          4.569018727675          3.383269392377          3.961451729615     h 
         -5.456517274193         -0.095338742825          3.465831154763     h 
         -1.606772740953         -6.176264344768         -4.511841216117     h 
          1.154167249553          2.505012762831          6.953765744960     h 
          0.402862330668          5.483417369824         -2.542361217676     h 
         -1.405497163843         -7.276747295037          7.747632691926     h 
        -10.426742765931         -8.090965085877         -2.298509203324     h 
         -6.806524745035          7.138717921477          5.809200857195     h 
          7.839485169865          6.549322627922          2.905183734464     h 
         -5.584719145906         -0.406827419795          8.106558407669     h 
         -4.026601628914         -9.291291597073         -7.034942244684     h 
         -0.858696939094          4.607543823217         10.600543781681     h 
          3.643861678977          8.631974281359         -3.638931950893     h 
         -3.543672461662         -3.991666013955         10.242206872230     h 
         -8.435989776280        -10.233447490166         -5.908092270632     h 
         -4.850527392277          6.916111810247         10.016518769722     h 
          7.360023648786          9.172172315568         -0.903828987663     h 
         -8.005521724422          4.430547193392         -5.163310710101     c 
         -5.943751809176          2.285190722103         -5.589762086149     c 
         -7.304598154123          4.656298730788         -2.248543354263     c 
         -9.939650246687          3.778876131790         -5.488957796864     h 
         -7.618291310175          6.157278566165         -6.231022981411     h 
         -3.584608887389          3.663957403423         -4.499162435665     c 
         -6.762802631201          0.409888700244         -3.479159377332     c 
         -5.777892090261          1.515142477778         -7.521398986608     h 
         -4.400177327159          5.094770297008         -2.487068688855     c 
         -7.582333822319          1.829493184571         -1.465813290427     c 
         -8.383316868907          6.052441594335         -1.135552228189     h 
         -1.710664435959          3.689014212553         -5.361981101758     h 
         -6.882645878812         -1.641639266963         -3.650538154455     h 
         -3.313862591526          6.534981295115         -1.481428199881     h 
         -8.494073728716          1.113650807293          0.244112168577     h 
$end
