   25
          2          1          2
          2          3          4
          6          5         10
          2         11         12
          2         13         14
          3         15         17
          4         18         21
          1         22         22
          1         23         23
          1         24         24
          1         25         25
          1         26         26
          1         27         27
          2         28         29
          1         30         30
          1         31         31
          3         32         34
          2         35         36
          3         37         39
          1         40         40
          2         41         42
          2         43         44
          1         45         45
          1         46         46
          1         47         47
