    0.09065085
    0.08963304
   -0.33419744
   -0.33966303
   -0.00999123
   -0.01111129
   -0.00434628
   -0.00289588
    0.05677665
    0.05156280
   -0.00013348
   -0.00688119
   -0.03764097
   -0.04189612
   -0.03446324
   -0.03932382
   -0.03239941
   -0.03043680
   -0.03100643
   -0.03507906
   -0.02879169
   -0.03082162
   -0.02831626
   -0.03167216
   -0.02584089
   -0.03232417
   -0.02620585
   -0.02762833
   -0.03271847
   -0.03029259
   -0.03051770
   -0.03079472
   -0.03278106
   -0.03599623
   -0.03451102
   -0.03436638
   -0.03124466
   -0.03217340
   -0.03082837
   -0.03049120
   -0.03085095
   -0.03211275
   -0.03092368
   -0.03059589
   -0.02992276
   -0.03038707
   -0.02938712
   -0.03044766
    0.25829049
    0.16055659
    0.16927594
    0.05662130
    0.05591909
    0.06172900
    0.05462988
    0.06882777
    0.07060111
    0.06505810
    0.05920688
    0.06642159
    0.06470547
    0.06902778
    0.06370145
    0.05254527
    0.04843596
    0.06851597
    0.05687699
    0.05512858
    0.02922441
    0.04406536
    0.05478184
    0.05677201
    0.05968969
    0.06491145
    0.06428033
    0.06437355
    0.05829498
    0.06321755
    0.05125232
    0.06600037
    0.06481788
    0.06780812
    0.06265190
   -0.04907612
   -0.02842251
   -0.02781477
    0.05915822
    0.05968177
   -0.04892480
   -0.05024044
    0.04823711
   -0.04926485
   -0.04797388
    0.04756939
    0.03493140
    0.04129404
    0.04194296
    0.03647249
