# indices of neighbouring atoms (max seven)
3 25 26 49
4 27 28 49
1 9 50
2 10 51
6 7 9
5 8 10
5 11 17
6 12 18
3 5 13
4 6 14
7 15 19
8 16 20
9 15 52
10 16 53
11 13 54
12 14 55
7 21 56
8 22 57
11 23 58
12 24 59
17 23 60
18 24 61
19 21 62
20 22 63
1 29 33
1 30 34
2 31 35
2 32 36
25 37 64
26 38 65
27 39 66
28 40 67
25 41 68
26 42 69
27 43 70
28 44 71
29 45 72
30 46 73
31 47 74
32 48 75
33 45 76
34 46 77
35 47 78
36 48 79
37 41 80
38 42 81
39 43 82
40 44 83
1 2 89 90 92 93
3
4
13
14
15
16
17
18
19
20
21
22
23
24
29
30
31
32
33
34
35
36
37
38
39
40
41
42
43
44
45
46
47
48
85 86 87 88
84 89 90 91
84 92 93 94
84
84
85 92 95
85 93 96
85
86 89 97
86 90 98
86
89
90
92
93
