           1           3   1.20917464002379     
           2           4   1.20083904443451     
           5           6   1.00919298968682     
           5           7   1.24756149924688     
           6           8   1.24020642777375     
           3           9   1.03640995168156     
           5           9   1.44273779338892     
           4          10   1.03142224569583     
           6          10   1.44498365343117     
           7          11   1.24957231715409     
           8          12   1.24884199052103     
           9          13   1.27052546048013     
          10          14   1.23949999483841     
           5          15  0.106136234144437     
          11          15   1.27310353097024     
          13          15   1.56422673472140     
           6          16  0.107031675858379     
          12          16   1.26938666362025     
          14          16   1.52569052852592     
           7          17   1.27931426458683     
           8          18   1.28329482796306     
          11          19   1.28235470256502     
          17          19  0.117363081262229     
          12          20   1.28241753962779     
          18          20  0.117306487494178     
          17          21   1.55483076796667     
          18          22   1.55139707032141     
          19          23   1.55412243534784     
          21          23   1.32210399222193     
          20          24   1.55245571843760     
          22          24   1.32376332096782     
           1          25  0.963789291411902     
           1          26  0.963408878061777     
           2          27  0.968247558921775     
           2          28  0.975695520528455     
          25          29   1.38637404568794     
          26          30   1.39028034545254     
          27          31   1.39313234106260     
          28          32   1.39309607907239     
          25          33   1.39766565220052     
          26          34   1.38859243207410     
          27          35   1.37847151055842     
          28          36   1.37929605733381     
          29          37   1.45097683678041     
          33          37  0.107341610499659     
          30          38   1.44684336961710     
          34          38  0.107519853337483     
          31          39   1.44068183115023     
          35          39  0.108771498637667     
          32          40   1.44089296708227     
          36          40  0.108590273237346     
          29          41  0.109455641197453     
          33          41   1.43904502177654     
          30          42  0.108281061047034     
          34          42   1.44900583682027     
          31          43  0.106760450923607     
          35          43   1.45241282646869     
          32          44  0.106636068828941     
          36          44   1.45297209728493     
          25          45  0.106383158536696     
          37          45   1.43116346507610     
          41          45   1.44037733041323     
          26          46  0.106580852665665     
          38          46   1.43491872355431     
          42          46   1.43340348966554     
          27          47  0.104859560754815     
          39          47   1.44058997438126     
          43          47   1.42913138307837     
          28          48  0.104272206929459     
          40          48   1.44012806624369     
          44          48   1.42839747283799     
           1          49  0.809424335429404     
           2          49  0.845333019215757     
           3          50  0.897270109729237     
           4          51  0.902884892559648     
          13          52  0.964830536963141     
          14          53  0.935567166030768     
          15          54  0.966798688949378     
          16          55  0.965067706861770     
          17          56  0.966196329403531     
          18          57  0.966243349635524     
          19          58  0.967540003181798     
          20          59  0.967809546066278     
          21          60  0.970083028526061     
          22          61  0.970183106077837     
          23          62  0.969944777024867     
          24          63  0.970152616034989     
          29          64  0.952624333576899     
          30          65  0.957414590577205     
          31          66  0.956983564465337     
          32          67  0.956653237650871     
          33          68  0.960250278318276     
          34          69  0.895634290026949     
          35          70  0.953138631287686     
          36          71  0.933454132761267     
          37          72  0.968427304945710     
          38          73  0.968378936625995     
          39          74  0.968038633852607     
          40          75  0.967722180492673     
          41          76  0.968453701401873     
          42          77  0.968728480757027     
          43          78  0.968713769615516     
          44          79  0.968067386487558     
          45          80  0.969632268540674     
          46          81  0.969636517950914     
          47          82  0.969625549367159     
          48          83  0.969203049792029     
          84          85  0.976185427586723     
          84          86  0.976564434509589     
          84          87  0.974983483162923     
          84          88  0.974990154465718     
          49          89  0.487259760812675     
          85          89  0.969121548917362     
          49          90  0.437747169930703     
          85          90  0.967343206781734     
          85          91  0.970694470983413     
          49          92  0.481115923119256     
          86          92  0.964699504983258     
          89          92   1.46597157041352     
          49          93  0.459027217861906     
          86          93  0.969110704666080     
          90          93   1.49981026768864     
          86          94  0.970119515071692     
          89          95  0.929819710239318     
          90          96  0.931543371662727     
          92          97  0.935460773779300     
          93          98  0.932187531950363     
