$coord
         -1.724744173058         -0.372421192097         -0.002143833618     p 
         -0.280998730180          2.238470708284         -1.598661199085     c 
          0.137239944324          2.224217763628         -4.156338412954     c 
          1.650417176467          4.054834322813         -5.239900395947     c 
          2.699902809883          5.932905618809         -3.756389298172     c 
          2.246679392648          5.963766600439         -1.188482563291     c 
          0.740829828553          4.116418264458         -0.142819347150     c 
         -4.894833532340         -0.920202186504         -0.989740531934     c 
         -5.781900663305         -3.350560666004         -0.891548093733     c 
         -8.292867522690         -3.855478242584         -1.374624699482     c 
         -9.947057448576         -1.879968822545         -1.799589630325     c 
         -9.063308569798          0.581483421642         -1.784131642202     c 
         -6.519046225267          1.051234457807         -1.428127257207     c 
          3.755589011516         -1.102115894965          1.849430066024     p 
          2.842862723164          1.068311988312          4.524090723022     c 
          4.522278465065          0.584033993827          6.803315695009     c 
         -1.959341941489          0.149730725202          3.409949902420     c 
          0.049784039095          0.860585267969          5.151774231191     c 
         -1.084423740166          1.089127385973          7.655439670442     c 
         -3.737200757266          0.445827025523          7.467605890888     c 
         -4.274986110892         -0.137921070342          4.848812311776     c 
         -0.624663872745          0.749776993063         -5.328747555214     h 
          0.410535284339          4.136106217225          1.856669086461     h 
         -4.555120706623         -4.874475454406         -0.331555323636     h 
         -5.849439645044          2.972437762537         -1.386783918682     h 
          3.217075966378          2.972053534198          3.807596855541     h 
          4.072216245838         -1.234341685809          7.662065888470     h 
          4.272326495473          2.033133476862          8.250069381855     h 
          6.519188664683          0.541952174400          6.294131514646     h 
          1.177305167081         -3.669140069057         -0.834393175361     rh
         -6.096266860371         -0.732884537971          4.083446742780     h 
          7.550107283900         -7.917510224079          5.453555058469     c 
          8.992125112103         -6.307855288226          3.969734134456     c 
          7.823506786932         -4.226649489436          2.880479842237     c 
          5.297040098057         -3.780155713985          3.287159394189     c 
          3.894848558118         -5.366373438647          4.795419519161     c 
          5.008565330642         -7.466065262328          5.907659364463     c 
          8.893571687113         -2.958585042751          1.704825420125     h 
          1.920014823766         -4.978448035352          5.099368568483     h 
          9.158955091721          3.696634145617         -2.941212317778     c 
          7.760377488065          1.832616238082         -4.132289399586     c 
          6.119265566325          0.376986434187         -2.688491816145     c 
          5.946207613872          0.705336909791         -0.111582762457     c 
          7.386245188805          2.544262928645          1.034671359272     c 
          8.981833530791          4.089829648765         -0.359807461114     c 
          4.904252390021         -0.951154861794         -3.624690263334     h 
          7.219786764458          2.879513177116          3.031350281756     h 
         -2.965573697744          3.572058430478          5.152823261151     fe
         -3.971494237489          6.401681195636          2.495413739434     c 
         -2.224903903845          7.396184210939          4.355929947557     c 
         -3.379199468435          7.131365790170          6.825326617965     c 
         -5.841980813197          5.974105213251          6.482740321835     c 
         -6.203453553352          5.518223401928          3.805622357998     c 
         -3.752869720252          6.555355705572          0.449664790774     h 
         -2.603926176268          7.833113008106          8.604372367966     h 
         -7.250349127814          5.663558132109          7.958659823175     h 
         -7.952547655581          4.898060493756          2.896593117399     h 
          3.941867198526          7.316573803455         -4.589433181615     h 
        -11.931308779217         -2.251210183710         -2.087593244464     h 
          8.426712600235         -9.554853676630          6.277535927753     h 
         10.366536873485          4.894476176282         -4.053402597648     h 
         11.708743461123         -6.848852430847          3.493229707187     c 
         11.928263082204         -8.173135388698          1.930661099080     h 
         12.739443559423         -5.129317152253          3.019853954231     h 
         12.602663959332         -7.673191097252          5.156287562697     h 
          3.495513911350         -9.235480885176          7.482517589097     c 
          2.826588610591        -10.827359906584          6.359036693300     h 
          4.616119807756         -9.983320947692          9.041110584948     h 
          1.851839798256         -8.294032006024          8.292068489489     h 
          8.021257626981          1.441830549937         -6.906789376588     c 
          9.906744908880          0.764518352697         -7.385327285606     h 
          6.651725993668          0.072118962179         -7.607276664156     h 
          7.691362553637          3.201266074056         -7.929482484187     h 
         10.306586200435          6.238778142885          0.879814422109     c 
          8.981375273193          7.780418449198          1.233434282494     h 
         11.120711247305          5.669082291253          2.684058015267     h 
         11.827937227310          6.968393868247         -0.301893263705     h 
          2.942572179689          1.289475773203         -8.354986329156     f 
          2.372333063216          3.743182679089         -7.989562955521     c 
          0.403104314989          4.420109162287         -9.449607401875     f 
          4.397593814972          5.198001866142         -8.476062521092     f 
          4.143737588800          6.597358511399          2.710175823315     f 
          3.504864339787          7.833401740279          0.579840776794     c 
          5.576187049118          8.771645714519         -0.550230548078     f 
          1.846738026876          9.678269217011          1.124478836449     f 
         -9.632268740157         -7.186085161142          1.140666226474     f 
         -9.129036298725         -6.586272763875         -1.280462082970     c 
        -11.202781029177         -6.882698949687         -2.723502055436     f 
         -7.212099274447         -8.023142771290         -2.152805515679     f 
        -10.023485741432          4.481272609862         -3.569779173807     f 
        -10.837490529544          2.823481165649         -1.819129500576     c 
        -13.195421829162          2.032690120320         -2.356063533040     f 
        -10.756745361091          3.893248931369          0.490055644114     f 
         -5.078595415457          0.344956306324          9.031813229087     h 
         -0.082318643473          1.546436219122          9.396492935467     h 
         -0.455842461182          8.368852483381          3.922615738439     h 
          2.660907424480         -8.458770334349         -5.564264962368     c 
          3.170231622765         -5.505898166335         -5.323856841845     c 
          1.238361116840         -8.517416343816         -2.916607615565     c 
          4.391117178958         -9.587902460132         -5.587972551768     h 
          1.437235796943         -8.947282809167         -7.156732997937     h 
          0.410261056380         -4.590127770419         -4.844174315427     c 
          4.473646421428         -5.459596747978         -2.686041192511     c 
          4.193137368563         -4.604863795546         -6.904878721735     h 
         -0.753876067539         -6.414265347305         -3.400699644955     c 
          3.293483784243         -7.258472971231         -1.234350114175     c 
          0.511847253225        -10.370948082879         -2.288460579164     h 
         -0.560721584106         -3.108178373538         -5.901528744262     h 
          6.215711158488         -4.474759579616         -2.182155387970     h 
         -2.793579985655         -6.658818624973         -3.180836511002     h 
          3.896678700442         -7.896511866364          0.633304610822     h 
$end
