    0.01494003
   -0.02013573
   -0.02546209
    0.00687266
   -0.01519824
    0.01316367
   -0.02214256
   -0.01344680
   -0.01891469
    0.01446986
   -0.01246752
    0.01282602
   -0.01708081
    0.00522004
   -0.03904126
   -0.07635121
   -0.03202481
   -0.02472163
   -0.04260751
   -0.03657734
   -0.04092494
    0.05618830
    0.10920291
    0.09988116
    0.07000242
    0.03637066
    0.05955504
    0.06035112
    0.05896442
    0.26330767
    0.07794675
   -0.03043765
    0.00864836
   -0.03134581
   -0.02141404
   -0.03403357
    0.00388528
    0.05730943
    0.05236544
   -0.03379294
   -0.00197580
   -0.03354486
   -0.02466162
   -0.03747837
   -0.00344206
    0.05729294
    0.04699159
    0.19801360
   -0.03294736
   -0.02955747
   -0.03332521
   -0.03720772
   -0.03212823
    0.07836554
    0.11844432
    0.11486908
    0.07506772
    0.15991558
    0.15046492
    0.11051348
    0.07469276
   -0.08757672
    0.08794465
    0.08911607
    0.15272705
   -0.09053816
    0.08688191
    0.12069349
    0.12917269
   -0.08064052
    0.07247624
    0.07826065
    0.08071274
   -0.08109488
    0.07928136
    0.07287542
    0.08004173
   -0.32294700
    0.40172680
   -0.30066476
   -0.24943642
   -0.28770786
    0.38718326
   -0.23250536
   -0.24569685
   -0.23079579
    0.40115796
   -0.32440251
   -0.32505860
   -0.36165377
    0.40401650
   -0.29435162
   -0.24401183
    0.08041403
    0.05871471
    0.09300363
   -0.04870053
   -0.02708816
   -0.02353341
    0.08796920
    0.09425141
   -0.04354464
   -0.04504839
    0.12236281
   -0.04997375
   -0.04635591
    0.07329221
    0.07109346
    0.06919971
    0.10916237
    0.04788246
