           1           2  0.940818694372145     
           2           3   1.40080086685932     
           3           4   1.42079648194691     
           2           5  0.104510881052921     
           4           5   1.41369181814566     
           3           6  0.103549606569630     
           5           6   1.41295788756695     
           2           7   1.40255829500245     
           4           7  0.103696327537744     
           6           7   1.42100288262944     
           1           8  0.956863009575504     
           8           9   1.39025908798763     
           9          10   1.42749308663802     
           8          11  0.104029780677424     
          10          11   1.40855215789717     
           9          12  0.101820302824764     
          11          12   1.41709780358006     
           8          13   1.39778128262339     
          10          13  0.103518057609909     
          12          13   1.42030695589680     
          14          15  0.938111192063143     
          15          16  0.996906173558839     
           1          17   1.02565287315577     
          15          18  0.991870204885138     
          17          18   1.19276782942416     
          18          19   1.28526148830534     
          19          20   1.29364060406867     
          17          21   1.21808300129366     
          20          21   1.33135823131695     
           3          22  0.927685556378411     
           7          23  0.958275523024167     
           9          24  0.949360978841077     
          13          25  0.954182568473299     
          15          26  0.920958962706039     
          16          27  0.980161215924261     
          16          28  0.975907826717147     
          16          29  0.978069978034602     
           1          30  0.881042909486681     
          14          30  0.902845790050719     
          21          31  0.961803358260280     
          32          33   1.40261494416324     
          33          34   1.40853556800545     
          14          35  0.978743194699585     
          32          35  0.100593944955166     
          34          35   1.38859741479057     
          35          36   1.38149199494014     
          32          37   1.41390720238599     
          36          37   1.40556959270985     
          34          38  0.954458658312375     
          36          39  0.894387049762071     
          40          41   1.41824849804935     
          41          42   1.39932911434718     
          14          43  0.975614563841001     
          42          43   1.39337252357784     
          43          44   1.36933909236666     
          40          45   1.39874488358774     
          44          45   1.42074622430037     
          42          46  0.957401265565555     
          44          47  0.951756873725874     
          17          48  0.287790232746402     
          18          48  0.314649720246023     
          19          48  0.289764778609774     
          20          48  0.274759440936063     
          21          48  0.301839420218401     
          48          49  0.318727368086615     
          48          50  0.292863021327738     
          49          50   1.29829842952998     
          48          51  0.306087080675491     
          50          51   1.31705749906793     
          48          52  0.306301959800978     
          51          52   1.28461240712225     
          48          53  0.294182735484043     
          49          53   1.29722002870026     
          52          53   1.31225574885560     
          49          54  0.961077341716494     
          51          55  0.963588805469580     
          52          56  0.960155742879779     
          53          57  0.964552608649790     
           5          58  0.958290059963750     
          11          59  0.959684600736967     
          32          60  0.965628587927312     
          40          61  0.966946158959962     
          33          62   1.03148356757073     
          62          63  0.970033363512578     
          62          64  0.984227179694916     
          62          65  0.961922094036635     
          37          66   1.02767435864133     
          66          67  0.962154409085326     
          66          68  0.980171502388425     
          66          69  0.979035776186485     
          41          70   1.02913108537080     
          70          71  0.983488802412876     
          70          72  0.963337499740683     
          70          73  0.973631333821282     
          45          74   1.02893006511311     
          74          75  0.967738772972830     
          74          76  0.985012763795233     
          74          77  0.968402052318155     
           4          79  0.945995360455064     
          78          79  0.945568845052303     
          79          80  0.939915951388015     
          79          81  0.972138741569460     
           6          83  0.944468926242149     
          82          83  0.942516069439911     
          83          84  0.967156975480326     
          83          85  0.952218929812289     
          10          87  0.945681238784429     
          86          87  0.957771271230004     
          87          88  0.947273703661311     
          87          89  0.952403492759603     
          12          91  0.945700484078827     
          90          91  0.936861455378701     
          91          92  0.970375358586564     
          91          93  0.951613217080152     
          20          94  0.965048334330637     
          19          95  0.962775380719682     
          50          96  0.961408111321670     
          97          98  0.973986547847853     
          97          99  0.974634080646334     
          97         100  0.974762723211658     
          97         101  0.974480122722871     
          30         102  0.400863665518555     
          98         102  0.964616427527326     
          30         103  0.463935123415269     
          98         103  0.971727439893266     
          98         104  0.969916223314843     
          30         105  0.411446639723900     
          99         105  0.969720865432549     
         102         105   1.54334452740981     
          30         106  0.447954271754743     
          99         106  0.964866584283478     
         103         106   1.49613318774298     
          99         107  0.970196065463538     
         102         108  0.938795802448007     
         103         109  0.930560913833691     
         105         110  0.934188129641235     
         106         111  0.933520470451946     
