$coord
          1.417894269871          0.815777165292         -0.311649394383     p 
         -0.031237755946         -1.195213166189         -2.631574790081     c 
         -1.320415063376         -0.180617185251         -4.642647415159     c 
         -3.049539358702         -1.621833116563         -5.973412491497     c 
         -3.418976275360         -4.129202912083         -5.321711235475     c 
         -2.092434795101         -5.162767352097         -3.320818040443     c 
         -0.363095380932         -3.692492116347         -2.035750727270     c 
          4.557717863387          1.647579224587         -1.232137660828     c 
          5.579052533172          4.019253811473         -0.973830509459     c 
          8.140682099983          4.377497056090         -1.326087543709     c 
          9.687538401971          2.336342723986         -1.850909176823     c 
          8.659936844225         -0.055476436006         -2.056310727902     c 
          6.085548576105         -0.374011090726         -1.775649511281     c 
         -4.173737716734          0.421654028180          2.684513859118     p 
         -2.734872636628         -2.709115979209          3.402209594192     c 
         -4.196652329694         -4.199853861445          5.367302712327     c 
          1.878135182906         -0.925305879735          2.660333394523     c 
          0.035513909460         -2.407460788848          4.072999605463     c 
          1.274773084354         -3.275648467396          6.383864741845     c 
          3.832767328475         -2.305596458170          6.404373646555     c 
          4.202653946430         -0.867680399003          4.108158899345     c 
         -1.140658878464          1.794951109388         -5.079662134008     h 
          0.551784232376         -4.468728895304         -0.401014211382     h 
          4.431051198988          5.599518741225         -0.407913079447     h 
          5.301963426206         -2.252424937723         -1.849091326222     h 
         -2.856063735052         -3.719827129193          1.603959554120     h 
         -3.319813086828         -6.038708908618          5.694519262033     h 
         -6.132336154241         -4.566712254038          4.775893103759     h 
         -4.253775855750         -3.202034741062          7.168217725947     h 
         -2.182709334487          3.491704752014          0.122869080202     rh
          5.913404348479          0.159582880980          3.585339987776     h 
          3.296559400720         -4.647052438534          3.249448251801     fe
          2.710298612605         -8.180505541187          1.456348141642     c 
          3.495247269318         -8.533755174400          4.054889854866     c 
          5.963390932369         -7.377693844970          4.356360801861     c 
          6.691948685966         -6.299142150779          1.946841029601     c 
          4.688997794047         -6.807839995619          0.155375319038     c 
          1.031649366604         -8.986429990964          0.560595529747     h 
          7.135864745775         -7.441920594812          6.053227667984     h 
          8.493309113472         -5.395176848869          1.491123268033     h 
          4.812716838210         -6.513859977279         -1.884743793979     h 
         -4.867912937151         -5.220042224226         -6.250928036288     h 
         11.699825282175          2.605284944406         -2.041784125985     h 
          5.215731358902         -2.550641952188          7.915536470520     h 
          0.394805122011         -4.367791557974          7.893412048923     h 
          2.481963197738         -9.625215819365          5.483057615325     h 
         -4.619390826053          2.138173888273          5.729627546165     c 
         -2.069631816945          2.533844944320          7.067491006322     c 
         -5.988436538826          4.680973600604          5.412466257904     c 
         -5.796661426457          0.892156275196          6.891369942087     h 
         -2.388159360438          3.897339435939          9.625311650769     c 
         -0.827077837207          3.638924609119          5.832959930100     h 
         -1.110866277587          0.718092689395          7.333286896153     h 
         -6.363520116870          6.014736351861          7.974420233213     c 
         -4.845116300160          5.897138771609          4.190427127575     h 
         -7.796792171682          4.429826430939          4.433878128852     h 
         -3.811881078752          6.416418927185          9.314131703619     c 
         -0.542025483484          4.208863046005         10.520214056250     h 
         -3.434339150552          2.674672241963         10.929224630892     h 
         -7.358637487559          7.818717515753          7.727339759460     h 
         -7.595421687810          4.861653140197          9.175303460886     h 
         -4.086601429547          7.336347267076         11.154163694600     h 
         -2.652757286282          7.728943963125          8.207653102856     h 
          9.209939654814          6.995282497400         -0.902201740868     c 
          9.298846161303          7.416015237125          1.607027436137     f 
          7.662697028969          8.688657445522         -2.008527941091     f 
         11.544342824935          7.127402144038         -1.907187939822     f 
         10.275146852493         -2.410455279957         -2.215712184231     c 
          8.820895275810         -4.317941824824         -3.068850499547     f 
         11.090502775573         -2.957917841557          0.131194180377     f 
         12.238505421605         -1.992916918614         -3.776944187284     f 
         -2.855861040212         -7.636153778225         -2.091006596353     c 
         -5.216548854915         -8.221146150347         -2.829163660774     f 
         -2.789631309176         -7.279719495316          0.428802421895     f 
         -1.197888394713         -9.443405263106         -2.747689372366     f 
         -4.974586694825         -0.235873954410         -7.578048356991     c 
         -3.941631445576          1.938869539670         -8.399650570019     f 
         -6.956681450749          0.272674768375         -6.067978486075     f 
         -5.683520362156         -1.712962087600         -9.520240289993     f 
         -7.326953114350         -0.086212287920          1.161203053585     c 
         -7.122894161968         -2.123155182065         -0.890446468731     c 
         -9.517766617371         -0.695080255905          2.974082528603     c 
         -7.764513484385          1.714666663303          0.241288461073     h 
         -9.615161550593         -2.439634235795         -2.369425292765     c 
         -6.611839246267         -3.934661676883         -0.025865050210     h 
         -5.562910360698         -1.641932496684         -2.162449271157     h 
        -12.031091357554         -0.958381882283          1.517132038327     c 
         -9.124946346334         -2.465391724883          3.960750091945     h 
         -9.668884818860          0.740029296232          4.459457867861     h 
        -11.837281338771         -2.983057083367         -0.569602542067     c 
         -9.429116738879         -3.950360278142         -3.782241277337     h 
         -9.994345080134         -0.720292232701         -3.462774103899     h 
        -13.589411821098         -1.393890530179          2.816369011775     h 
        -12.519860250987          0.862205875967          0.658919597377     h 
        -13.617362542752         -3.113808081814         -1.629358997210     h 
        -11.574403924122         -4.845820010671          0.298591697610     h 
         -3.679494357335          9.003937342092         -3.743017333738     c 
         -2.796654586971          6.208798146013         -4.391379721230     c 
         -3.649949524097          8.421802553458         -0.793978729169     c 
         -5.560697250672          9.451343488569         -4.472708002041     h 
         -2.305731717572         10.441908995485         -4.306555804949     h 
         -0.399988383477          6.051429803881         -2.702427241110     c 
         -4.838931889099          4.691369851569         -2.922977890811     c 
         -2.572984982197          5.754473759511         -6.419552355481     h 
         -0.902123979024          7.389720816613         -0.533371386745     c 
         -5.374134273079          6.032967048131         -0.761939783089     c 
         -4.188305890544          9.994344189696          0.468819768635     h 
          1.429215253127          5.298455696679         -3.287474630713     h 
         -5.909570897094          3.111631474300         -3.713702972422     h 
          0.453733557825          7.881416616617          0.946078641966     h 
         -7.004803415211          5.740663332170          0.466967536549     h 
$end
