   36
          1          1          1
         33          2         34
        154         35        188
        126        189        314
         32        315        346
          2        347        348
          2        349        350
          4        351        354
          1        355        355
          3        356        358
          2        359        360
          3        361        363
          1        364        364
          9        365        373
         12        374        385
          8        386        393
          1        394        394
          1        395        395
          1        396        396
          1        397        397
          3        398        400
          3        401        403
          3        404        406
          1        407        407
          1        408        408
          2        409        410
          1        411        411
          1        412        412
          2        413        414
          2        415        416
          4        417        420
          4        421        424
          2        425        426
          1        427        427
          2        428        429
          1        430        430
