# indices of neighbouring atoms (max seven)
2 8 17 30
1 3 7
2 4 22
3 5 76
4 6 42
5 7 72
2 6 23
1 9 13
8 10 24
9 11 64
10 12 43
11 13 68
8 12 25
15 30 47 80
14 16 18 26
15 27 28 29
1 18 21
15 17 19
18 20 45
19 21 44
17 20 31
3
7
9
13
15
16
16
16
1 14 102 103 105 106
21
17 18 19 20 21 33 34 35 36 37
34 37 38
33 35 46
34 36 39
35 37 40
33 36 41
33
35
36
37
5
11
20
19
34
14 48 49 50
47 51 52 53
47 54 55 56
47
48 57 58 59
48
48
49 57 60 61
49
49
51 54 62 63
51
51
54
54
57
57
10 65 66 67
64
64
64
12 69 70 71
68
68
68
6 73 74 75
72
72
72
4 77 78 79
76
76
76
14 81 82 83
80 84 85 86
80 87 88 89
80
81 90 91 92
81
81
82 90 93 94
82
82
84 87 95 96
84
84
87
87
90
90
98 99 100 101
97 102 103 104
97 105 106 107
97
97
98 105 108
98 106 109
98
99 102 110
99 103 111
99
102
103
105
106
