    0.01100491
   -0.02270466
   -0.02157690
    0.00584795
   -0.01608672
    0.01217112
   -0.02450481
   -0.01821950
   -0.02090460
    0.01451351
   -0.01170851
    0.01847619
   -0.02188150
   -0.01251525
   -0.04239324
   -0.07439807
   -0.03193151
   -0.02483538
   -0.04149878
   -0.03657602
   -0.03889335
    0.04170706
    0.10812103
    0.07778422
    0.10564958
    0.06347918
    0.05913933
    0.05508522
    0.04919177
    0.26258071
    0.08041448
    0.19913250
   -0.03231593
   -0.02931957
   -0.03383415
   -0.03576044
   -0.03129579
    0.08236471
    0.11732657
    0.11182606
    0.07453081
    0.15963191
    0.16311555
    0.08000230
    0.05767040
    0.09576141
   -0.04097458
   -0.04908904
   -0.04731107
    0.04123616
   -0.05269013
    0.04940266
    0.04452321
   -0.05722817
    0.05553004
    0.04132670
   -0.05244962
    0.07171017
    0.06575263
    0.13910280
    0.08062623
    0.08478624
    0.07674941
    0.40179933
   -0.32361992
   -0.24155200
   -0.31705433
    0.38226514
   -0.23137883
   -0.23322849
   -0.25947593
    0.38557401
   -0.28401611
   -0.23349905
   -0.23847643
    0.41234214
   -0.37797625
   -0.26313946
   -0.33152162
   -0.04063946
   -0.05608625
   -0.04955817
    0.03404338
   -0.05112080
    0.09191515
    0.10064296
   -0.05254884
    0.04689958
    0.04730856
   -0.05307139
    0.11093310
    0.07319562
    0.07208105
    0.06564371
    0.08053855
    0.07344462
   -0.04983681
   -0.02291919
   -0.02380338
    0.08645312
    0.09963026
   -0.04026948
   -0.04537477
    0.08607114
   -0.04214631
   -0.04627989
    0.08111342
    0.06668995
    0.05504351
    0.07586358
    0.04472383
