           1           2  0.943376892976144     
           2           3   1.41605128664700     
           3           4   1.40748277753062     
           2           5  0.105586190548027     
           4           5   1.42718452907421     
           3           6  0.102208787003098     
           5           6   1.40028604922833     
           2           7   1.38738908799266     
           4           7  0.104790594793261     
           6           7   1.43607016118947     
           1           8  0.956818325847496     
           8           9   1.39350070644812     
           9          10   1.42479049958472     
           8          11  0.103016002215361     
          10          11   1.41250838083472     
           9          12  0.103964969787069     
          11          12   1.41478375387988     
           8          13   1.39578571079955     
          10          13  0.103128872525838     
          12          13   1.42244677999267     
          14          15  0.940558300352475     
          15          16  0.995257777659874     
           1          17   1.01979371277611     
          15          18  0.994255148557679     
          17          18   1.19313743591593     
          18          19   1.28199039578897     
          19          20   1.29623707170852     
          17          21   1.22654579401007     
          20          21   1.32558400874983     
           3          22  0.923273315210415     
           7          23  0.958938509806875     
           9          24  0.948707701606289     
          13          25  0.956503015420473     
          15          26  0.920807816313089     
          16          27  0.977163960629166     
          16          28  0.973033067044063     
          16          29  0.977453436799802     
           1          30  0.883470974835983     
          14          30  0.885972347058376     
          21          31  0.962784923838309     
          17          32  0.285717146370103     
          18          32  0.311457497273290     
          19          32  0.289525810835139     
          20          32  0.276727783148231     
          21          32  0.301483532809053     
          32          33  0.317083067970990     
          32          34  0.302857233569979     
          33          34   1.29511815404095     
          32          35  0.303343444263714     
          34          35   1.31081003314775     
          32          36  0.297775342588680     
          35          36   1.29242538022669     
          32          37  0.289492016668827     
          33          37   1.29944629322299     
          36          37   1.31503755428450     
          33          38  0.962601557953796     
          35          39  0.961990284864361     
          36          40  0.964639149643929     
          37          41  0.963648002960483     
           5          42  0.959044548868796     
          11          43  0.958072471255434     
          20          44  0.965737015441944     
          19          45  0.962330537269528     
          34          46  0.961078326349326     
          14          47  0.957915234635073     
          47          48  0.985392185430617     
          47          49  0.983395227571581     
          47          50  0.930499954940929     
          48          51   1.00089068593102     
          48          52  0.967165705497631     
          48          53  0.966669174553475     
          49          54   1.00425972885912     
          49          55  0.956966608778694     
          49          56  0.907404583314974     
          51          57   1.00963420156374     
          54          57   1.00735617370519     
          51          58  0.974497857130152     
          51          59  0.976425375024152     
          54          60  0.974104155516700     
          54          61  0.975620856544337     
          57          62  0.975539584270549     
          57          63  0.976599514510802     
          10          64  0.945342797846789     
          64          65  0.941675401861068     
          64          66  0.969837604289766     
          64          67  0.948020795404742     
          12          68  0.944570451932830     
          68          69  0.949424836867692     
          68          70  0.968584524536009     
          68          71  0.943290511262653     
           6          72  0.943512533433490     
          72          73  0.951303217957250     
          72          74  0.956678189584421     
          72          75  0.955216256863975     
           4          76  0.945624989876735     
          76          77  0.942494101709204     
          76          78  0.972144691872074     
          76          79  0.944138336580860     
          14          80  0.956399941635136     
          80          81  0.985300408464226     
          80          82  0.985529453128326     
          80          83  0.925041402910964     
          81          84   1.00393795160503     
          81          85  0.966593314944157     
          81          86  0.949048731340528     
          82          87   1.00014417465317     
          82          88  0.969173252708438     
          82          89  0.968832498659699     
          84          90   1.00828632837477     
          87          90   1.00955614422680     
          84          91  0.974832689843714     
          84          92  0.975984076524322     
          87          93  0.974449195759133     
          87          94  0.976617270578412     
          90          95  0.975690336172273     
          90          96  0.976719174233009     
          97          98  0.973946529624611     
          97          99  0.974327830918414     
          97         100  0.974573967419354     
          97         101  0.974499296112102     
          30         102  0.414530979136826     
          98         102  0.967249760226420     
          30         103  0.441371166995589     
          98         103  0.969614330372740     
          98         104  0.969834459003966     
          30         105  0.422972319730459     
          99         105  0.969754531728718     
         102         105   1.52836153986135     
          30         106  0.434030336602273     
          99         106  0.965442423074113     
         103         106   1.51317411162071     
          99         107  0.970240761515795     
         102         108  0.937112090005536     
         103         109  0.931908674354295     
         105         110  0.936789838654014     
         106         111  0.934036599931259     
