$coord
          6.883106355137          4.627560960575          0.898344020300     c 
          5.905239217006          2.987856365937          2.862174057706     c 
          7.704910591018          0.957323914675          3.247502582216     c 
          9.790364555348          1.335091254677          1.511178619996     c 
          9.286733074471          3.608370274641          0.066034024969     c 
          5.994997584930          6.357988747476          0.211437007327     h 
          4.156322583287          3.287202883208          3.908431775961     h 
          7.592455300895         -0.513492221302          4.689518110434     h 
         11.485249727095          0.166259911282          1.379473856643     h 
         10.529126431661          4.440429083064         -1.355239007436     h 
          6.380526943089          0.943672555393         -0.494663384439     fe
          5.733267139068          1.738091483183         -4.301106890345     c 
          3.353014302051          1.133417801627         -3.039702014595     c 
          3.560588585383         -1.443722322082         -2.030113267528     c 
          6.069883194527         -2.352670567137         -2.701142759800     c 
          7.400852102564         -0.407683842839         -4.080119228479     c 
          6.135978300164          3.482222894083         -5.324889418907     h 
          6.809576863904         -4.250868802072         -2.402468483245     h 
          9.288958122086         -0.568321041044         -4.896686786768     h 
          1.097852207406          2.864350248346         -3.300416665675     c 
          1.755512608951          4.771399752325         -2.828599687938     h 
          1.113772882833         -3.522136177583         -0.601730216450     p 
          0.113610619247          2.892539780337         -5.994772511767     c 
         -0.652219659628          1.054335608639         -6.516139764774     h 
         -1.374888480658          4.297402708310         -6.250240403187     h 
          1.616984032345          3.330618475934         -7.338553114319     h 
         -1.499217480547          2.272126270883         -1.001498176244     p 
         -2.837156425807         -1.704125076161          0.540278326397     rh
         -4.287821924359          3.742672573081         -2.334190849395     c 
         -8.531430674100          5.980925813214         -4.385078811588     c 
         -7.317272863350          7.096219310520         -2.364839923771     c 
         -5.190521303202          5.974547012470         -1.344248249443     c 
         -5.494717756201          2.634299983336         -4.357184113316     c 
         -7.622063780103          3.750706374647         -5.384691078373     c 
        -10.189025673363          6.853742713169         -5.184146408143     h 
         -8.024274208419          8.839107858679         -1.584420176899     h 
         -4.239935608344          6.832683210348          0.237050816016     h 
         -4.780960290319          0.885187405067         -5.119038583404     h 
         -8.567743536448          2.880343633625         -6.963997821826     h 
         -0.592600445265          3.976191788929          1.840993390948     c 
          0.850510276462          6.670206447836          6.084541651695     c 
          1.000879757758          7.770169554716          3.726436479338     c 
          0.275835514172          6.421206216042          1.608649898146     c 
         -0.767066126386          2.896825298767          4.204101106310     c 
         -0.040546072218          4.233230385788          6.325990657459     c 
          1.414299963494          7.718967210345          7.736802328581     h 
          1.678887236576          9.680572807683          3.534351453424     h 
          0.353847339925          7.299956634380         -0.226923158225     h 
         -1.514929415901          1.020124196380          4.406465869679     h 
         -0.182848441560          3.376792567579          8.168005140659     h 
          2.564854064591         -4.954046153646          2.356251391263     c 
          5.315810387997         -5.716997555791          1.935304248334     c 
          5.508022529162         -7.053003884181          0.384109581920     h 
          6.492084949380         -4.073042083479          1.553847183456     h 
          6.080847938364         -6.620388010815          3.622477136678     h 
          2.469033807689         -2.868917498080          4.343905859636     c 
          3.342879866191         -1.148321739298          3.628765740803     h 
          0.536934414189         -2.407399221388          4.858304714757     h 
          3.456849597052         -3.433327611054          6.064423173626     h 
          1.073289664790         -7.262694438344          3.214586870192     c 
         -0.902518002758         -6.807204241732          3.523359247901     h 
          1.187789852497         -8.785026480730          1.834378125772     h 
          1.821166996670         -7.989766370157          4.992354852323     h 
          0.217541989805         -5.808422669561         -3.199955801389     c 
          2.406813387824         -7.602956863641         -3.732197627880     c 
          2.827942291398         -8.778910461496         -2.097173379294     h 
          1.945391289490         -8.866591027551         -5.294453291889     h 
          4.106275247542         -6.572425152396         -4.261323975070     h 
         -2.144990362776         -7.310223920809         -2.517751072486     c 
         -3.761514585680         -6.067041496076         -2.237719596454     h 
         -2.637014909333         -8.613591911716         -4.036689304072     h 
         -1.863641505684         -8.430171522110         -0.816562323748     h 
         -0.310492918384         -4.165378486596         -5.510873165449     c 
          1.358766906953         -3.078201249804         -6.042516548614     h 
         -0.853485315299         -5.321246532400         -7.130788940175     h 
         -1.848168029367         -2.846435046170         -5.129281643168     h 
         -8.774047640860         -2.700143144662          3.980323660733     c 
         -6.292569335462         -1.092699984500          4.525033260311     c 
         -7.663745094791         -3.704167742015          1.372606880538     c 
        -10.465779710942         -1.535361879307          3.751011522869     h 
         -9.092977931062         -4.202423530633          5.363380714810     h 
         -4.272375202782         -3.204482759331          4.226408500622     c 
         -6.140926435501          0.427575783018          2.020230326791     c 
         -6.256096712848          0.008071443206          6.296580529934     h 
         -5.097742461382         -4.778172299959          2.325182737633     c 
         -6.974812384984         -1.141215301277          0.123818281420     c 
         -8.877161326055         -4.993394093314          0.269213685410     h 
         -2.868692899427         -3.692215846350          5.657489978122     h 
         -5.785364917986          2.452861793608          1.865850010259     h 
         -4.434669262999         -6.697818106923          1.968012569361     h 
         -7.396139642508         -0.602059770104         -1.821247568159     h 
$end
