   21
          2          1          2
         76          3         78
         71         79        149
         11        150        160
          3        161        163
          6        164        169
         26        170        195
          6        196        201
          1        202        202
          2        203        204
          1        205        205
          1        206        206
          5        207        211
          3        212        214
          3        215        217
          1        218        218
          6        219        224
          2        225        226
          7        227        233
          2        234        235
          3        236        238
