   -0.04005930
   -0.03830081
   -0.03864530
   -0.04038371
   -0.04119185
    0.05345832
    0.05787957
    0.05319919
    0.04714146
    0.04497272
    0.19148575
   -0.04428754
   -0.02780903
   -0.03818191
   -0.04570105
   -0.04346091
    0.04609001
    0.03820580
    0.05246103
   -0.03815275
    0.03119234
   -0.01110626
   -0.07422610
    0.05182562
    0.04575256
    0.05194069
    0.00083478
    0.25737720
   -0.02543080
   -0.03047936
   -0.03121284
   -0.03389733
   -0.03570459
   -0.03289325
    0.06639175
    0.06440324
    0.04798692
    0.04346270
    0.05640114
   -0.02511172
   -0.02979475
   -0.03099071
   -0.03349124
   -0.03319865
   -0.03196454
    0.06804149
    0.06514735
    0.04939006
    0.03143588
    0.06051539
   -0.02042482
   -0.07328458
    0.04296966
    0.03130665
    0.04798989
   -0.07238598
    0.02941221
    0.02538763
    0.04688540
   -0.07570235
    0.03338968
    0.04127095
    0.05289062
   -0.01957056
   -0.07493590
    0.04105455
    0.04368668
    0.05328896
   -0.07590439
    0.03749754
    0.02895482
    0.05210789
   -0.07513282
    0.03408617
    0.04450396
    0.05059777
   -0.04912820
   -0.02781030
   -0.02874182
    0.06115634
    0.06147828
   -0.04960719
   -0.04748274
    0.05004678
   -0.04990249
   -0.04896464
    0.04906322
    0.03544477
    0.04060324
    0.03376712
    0.03882136
