# indices of neighbouring atoms (max seven)
2 5 6
1 3 7
2 4 8
3 5 9
1 4 10
1
2
3
4
5
1 2 3 4 5 12 13 14 15 16
13 16 17
12 14 20
13 15 22
14 16 18
12 15 19
12
15
16
13 21 23 27
20
14 28 51 64
20 24 25 26
23
23
23
20 28 29 40
22 27 82 83 85 86
27 32 33
31 34 35
30 32 36
29 31 37
29 34 38
30 33 39
30
31
32
33
34
27 43 44
42 45 46
41 43 47
40 42 48
40 45 49
41 44 50
41
42
43
44
45
22 52 56 60
51 53 54 55
52
52
52
51 57 58 59
56
56
56
51 61 62 63
60
60
60
22 65 69 73
64 66 67 68
65
65
65
64 70 71 72
69
69
69
64 74 75 76
73
73
73
78 79 80 81
77 82 83 84
77 85 86 87
77
77
78 85 88
78 86 89
78
79 82 90
79 83 91
79
82
83
85
86
