           1           2   1.30789041661280     
           2           3   1.28805126299839     
           3           4   1.31149991698140     
           1           5   1.31157978768312     
           4           5   1.30180873610791     
           1           6  0.964924435606448     
           2           7  0.966173027551512     
           3           8  0.965005089790074     
           4           9  0.966693873431794     
           5          10  0.960254956997382     
           1          11  0.278282197961869     
           2          11  0.304634146458659     
           3          11  0.295928021784886     
           4          11  0.282523589041385     
           5          11  0.283378137675754     
          11          12  0.288863444394397     
          11          13  0.297076536927437     
          12          13   1.27121847019593     
          11          14  0.287461007463670     
          13          14   1.21750539372522     
          11          15  0.295031016463693     
          14          15   1.23156702312447     
          11          16  0.269166456470292     
          12          16   1.29662996352930     
          15          16   1.32500243594667     
          12          17  0.965933028681690     
          15          18  0.954804361879324     
          16          19  0.970459347442109     
          13          20   1.00178818021748     
          20          21  0.916684959820033     
          14          22   1.00479779348513     
          20          23  0.996731944832057     
          23          24  0.978236649969082     
          23          25  0.978638532973094     
          23          26  0.980443797076350     
          20          27  0.936140497319931     
          22          28  0.854576035731451     
          27          28  0.903219343756352     
          27          29  0.987481973478757     
          29          30  0.104174578138269     
          30          31   1.42775636293911     
          29          32   1.37432912152158     
          31          32   1.45564951379114     
          29          33   1.39173004346991     
          31          33  0.106241270862953     
          30          34   1.44032244525750     
          32          34  0.108303915594407     
          33          34   1.44131605712055     
          30          35  0.969754972240935     
          31          36  0.968473398353728     
          32          37  0.955634033029360     
          33          38  0.952118938373983     
          34          39  0.968527630146897     
          27          40  0.962022858588723     
          40          41  0.106239211853299     
          41          42   1.44413672527096     
          40          43   1.40207552804821     
          42          43   1.43591182793370     
          40          44   1.37821723190213     
          42          44  0.109278423970644     
          41          45   1.42488391633236     
          43          45  0.106253047383124     
          44          45   1.45814241505074     
          41          46  0.969727033916548     
          42          47  0.968346367531836     
          43          48  0.960305275823889     
          44          49  0.932710930410473     
          45          50  0.968493621776758     
          22          51  0.900363567378650     
          51          52  0.996582582389918     
          52          53  0.978260572085646     
          52          54  0.959298766601948     
          52          55  0.976001750797176     
          51          56  0.988468177597728     
          56          57  0.959720160849063     
          56          58  0.943320027845338     
          56          59  0.976994348360637     
          51          60  0.996536948378638     
          60          61  0.971046062141661     
          60          62  0.976297862789126     
          60          63  0.978452900507151     
          22          64  0.894077770505149     
          64          65  0.997228490255225     
          65          66  0.971433809485990     
          65          67  0.975670270722187     
          65          68  0.974907481579168     
          64          69  0.993430274295467     
          69          70  0.974308346350485     
          69          71  0.928068143770271     
          69          72  0.977959369641043     
          64          73  0.990576184643189     
          73          74  0.957224468278138     
          73          75  0.973726396253832     
          73          76  0.977811395075426     
          77          78  0.974729387832308     
          77          79  0.975279856717958     
          77          80  0.975537337099312     
          77          81  0.975398259772292     
          28          82  0.419179177382583     
          78          82  0.974608244502353     
          28          83  0.430642623478739     
          78          83  0.965001136891293     
          78          84  0.971419256494150     
          28          85  0.404343583805369     
          79          85  0.963055242254519     
          82          85   1.53548529584533     
          28          86  0.461771304538505     
          79          86  0.973490291538189     
          83          86   1.50073143349649     
          79          87  0.970911837485647     
          82          88  0.933919968976514     
          83          89  0.937075600370942     
          85          90  0.935316178463528     
          86          91  0.931962768700335     
