$coord
         -9.146705909472          4.911735964051          2.316506405056     c 
         -7.434267639543          5.914490421603          0.427456540744     c 
         -7.558374093588          4.290964090747         -1.774565122847     c 
         -9.347464760485          2.280997535306         -1.244739034705     c 
        -10.322598763787          2.660973122692          1.287254518647     c 
         -9.537213871586          5.746153828870          4.162293418088     h 
         -6.339343014853          7.655043056083          0.587383762862     h 
         -6.602887457598          4.635288999191         -3.569282334808     h 
         -9.992036497562          0.840169406183         -2.572254143158     h 
        -11.760537004368          1.511863455546          2.219109450017     h 
         -6.376896131742          2.196015613369          1.388888552770     fe
         -4.186835563947          2.846608474635          4.608159886727     c 
         -2.555231742762          2.235202384925          2.461863160182     c 
         -3.231294940943         -0.307706954188          1.607221555968     c 
         -5.300221735719         -1.186701603920          3.186208648686     c 
         -5.870618960459          0.738464151502          5.041764000781     c 
         -4.135874046440          4.582640875007          5.718447456907     h 
         -6.216184190152         -3.029949973285          3.079277166596     h 
         -7.293709169400          0.607756629603          6.530041885398     h 
         -0.634535402939          4.003895324603          1.287563673277     c 
         -1.222550263214          4.329406647973         -0.673006194937     h 
         -1.419046037806         -2.388379378585         -0.517885229989     p 
         -0.485550617954          6.514101812878          2.668568296756     c 
          0.298399484513          6.263829628658          4.558952241258     h 
          0.683034813325          7.885401898789          1.673677846437     h 
         -2.352973954323          7.365667797592          2.878782105641     h 
          2.547433578117          2.562493956184          1.003759661555     p 
          2.836976458323         -1.330681640024         -1.132779439540     rh
          3.857951638927          1.915198885530          4.194683183476     c 
          2.063458400688          0.212747559863          5.709204162325     c 
          3.127238592414         -0.422597250872          8.346773151023     c 
          5.776385391164         -1.609023200657          8.151125344464     c 
          7.577595554276          0.127362558625          6.666259033693     c 
          6.498262685929          0.714513877259          4.026006530402     c 
          0.197743570841          1.099197358934          5.877391163596     h 
          3.232881447702          1.310565164686          9.478067269557     h 
          5.638540409881         -3.439365899245          7.188160888282     h 
          7.838487126601          1.899376901608          7.708589744956     h 
          6.355662313229         -1.049194168510          2.949518947583     h 
          9.468599198499         -0.717185073675          6.521053176586     h 
          7.791103924420          1.926930495464          2.949784254146     h 
          4.001006751877          3.756028134316          5.134237843856     h 
          1.761187402686         -1.530100433832          4.635596099878     h 
          1.833073632831         -1.678663244713          9.375469577623     h 
          6.540214586318         -2.027587996128         10.035839890021     h 
          4.635645465000          4.805772548125         -0.742080677087     c 
          3.238389520744          6.019348745069         -2.979837580322     c 
          5.044908123792          7.664948148755         -4.566083954174     c 
          6.314540595339          9.697753883642         -2.911161293288     c 
          7.690615217668          8.500158126031         -0.640086548504     c 
          5.882599859261          6.834400949504          0.927026883015     c 
          2.322289612936          4.564180719519         -4.140638353961     h 
          6.502599913118          6.461878791428         -5.415939976899     h 
          4.872547964741         11.015975996399         -2.219551849790     h 
          9.267129886496          7.342957196422         -1.326021288027     h 
          4.430718631220          8.024494695029          1.789461626526     h 
          8.557446007790          9.964379040588          0.549473958688     h 
          6.881441304186          5.960068055268          2.518994120042     h 
          6.157514693848          3.641265057762         -1.514221060633     h 
          1.696187883621          7.200379296533         -2.265405034033     h 
          4.040981829416          8.533082584274         -6.162408515438     h 
          7.622397941665         10.851320506856         -4.037954852784     h 
         -2.767309926923         -2.181114314889         -3.735042017679     c 
         -5.565029617864         -2.936798154743         -3.723299485318     c 
         -6.730111653702         -2.722576096713         -6.387869037683     c 
         -6.348715367323         -0.061199166797         -7.507354278224     c 
         -3.540298539850          0.709326102939         -7.484619798477     c 
         -2.405089370620          0.485122614112         -4.810463789015     c 
         -5.794479652433         -4.858054824200         -2.972800013931     h 
         -5.846765822855         -4.122908082067         -7.634454077826     h 
         -7.451860871535          1.311186230489         -6.418382467720     h 
         -2.482537163067         -0.513115921875         -8.781482005670     h 
         -3.318383387638          1.840153306663         -3.540369802928     h 
         -3.301710475805          2.636228820755         -8.219921055187     h 
         -0.392971093656          0.993721038580         -4.812023430485     h 
         -1.722010126815         -3.523507130862         -4.913277062964     h 
         -6.578041686258         -1.710919690691         -2.399200613987     h 
         -8.746214953568         -3.216415368453         -6.343476453051     h 
         -7.113667512659          0.033309332113         -9.435524417470     h 
         -2.047413092354         -5.608787343016          0.786822141413     c 
         -1.333376696119         -7.863555542050         -0.897688954926     c 
         -2.182260009812        -10.368178267713          0.321527167097     c 
         -1.007149609566        -10.671375229918          2.969294204176     c 
         -1.651094682716         -8.398913566505          4.674134733794     c 
         -0.869824127552         -5.882925130230          3.424571570214     c 
         -2.123832133868         -7.644303008977         -2.802111277609     h 
         -4.248377748129        -10.389962780714          0.479878734018     h 
          1.051483585103        -10.831808907284          2.790625966429     h 
         -3.689456017441         -8.375597055701          5.047166900747     h 
          1.192429130647         -5.792205641263          3.258478715053     h 
         -0.751102929858         -8.600561633166          6.534107228455     h 
         -1.408583110506         -4.272218643333          4.616718597659     h 
         -4.108093453411         -5.650824347592          1.000596928712     h 
          0.718095186668         -7.916721396154         -1.127771475668     h 
         -1.700266781116        -11.982090051640         -0.892267497662     h 
         -1.626206676568        -12.447744275330          3.848020252231     h 
          7.673413068052         -4.536449758631         -4.882678379453     c 
          5.041446310070         -3.230741277885         -5.522223731798     c 
          7.384753078959         -3.899781833596         -1.958252650350     c 
          9.286865498718         -3.595029682303         -5.767221413671     h 
          7.694732931079         -6.565221691877         -5.277080446730     h 
          3.325219042103         -4.663154963046         -3.616621796069     c 
          5.491229229313         -0.598938027685         -4.286213752080     c 
          4.447234917275         -3.244509576621         -7.521999180955     h 
          4.729550450070         -5.056812462614         -1.463490073818     c 
          6.906267299921         -1.008964114973         -2.142050984012     c 
          8.932162982778         -4.523112016000         -0.705669446756     h 
          1.495845215647         -5.490891322125         -4.073299659929     h 
          5.068107208348          1.227719542219         -5.150008948230     h 
          4.208524839484         -6.200367900163          0.173748346254     h 
          7.902713327666          0.411980908250         -1.029137930644     h 
$end
