   19
          4          1          4
         11          5         15
          2         16         17
          3         18         20
          2         21         22
          1         23         23
          8         24         31
          1         32         32
          3         33         35
          2         36         37
          1         38         38
          1         39         39
          5         40         44
          2         45         46
          1         47         47
          1         48         48
          1         49         49
          2         50         51
          1         52         52
