# indices of neighbouring atoms (max seven)
2 5 6
1 3 7
2 4 8
3 5 9
1 4 10
1
2
3
4
5
1 2 3 4 5 12 13 14 15 16
13 16 17
12 14 20
13 15 22
14 16 18
12 15 19
12
15
16
13 21 23 27
20
14 28 63 80
20 24 25 26
23
23
23
20 28 29 46
22 27 102 103 105 106
27 30 34 42
29 31 35 43
30 32 36 44
31 33 37 45
32 34 38 40
29 33 39 41
30
31
32
33
34
33
34
29
30
31
32
27 47 51 59
46 48 52 60
47 49 53 61
48 50 54 62
49 51 55 57
46 50 56 58
47
48
49
50
51
50
51
46
47
48
49
22 64 68 76
63 65 69 77
64 66 70 78
65 67 71 79
66 68 72 74
63 67 73 75
64
65
66
67
68
67
68
63
64
65
66
22 81 85 93
80 82 86 94
81 83 87 95
82 84 88 96
83 85 89 91
80 84 90 92
81
82
83
84
85
84
85
80
81
82
83
98 99 100 101
97 102 103 104
97 105 106 107
97
97
98 105 108
98 106 109
98
99 102 110
99 103 111
99
102
103
105
106
