   -0.04123951
   -0.03972974
   -0.03995140
   -0.04123011
   -0.04251659
    0.04480727
    0.05277844
    0.04997841
    0.03937162
    0.03917519
    0.19072804
   -0.04483045
   -0.02895819
   -0.03551230
   -0.04605284
   -0.04499269
    0.04111258
    0.03375994
    0.04715778
   -0.04017015
    0.02511602
   -0.01105653
   -0.07311178
    0.03634845
    0.03738496
    0.04068742
   -0.01084264
    0.25550539
   -0.03873165
   -0.05042428
   -0.05037976
   -0.05135304
   -0.05015133
   -0.05000700
    0.04200389
    0.04458729
    0.05115628
    0.04899466
    0.03531877
    0.03957199
    0.04563285
    0.03532311
    0.01862555
    0.03599835
    0.05157430
   -0.03901165
   -0.05055331
   -0.04947118
   -0.05154335
   -0.04995937
   -0.05016140
    0.04366298
    0.04185972
    0.04715569
    0.04761228
    0.03532539
    0.03582395
    0.04582675
    0.02942645
    0.01855836
    0.02992550
    0.05120256
   -0.03757484
   -0.05130129
   -0.04997844
   -0.05135703
   -0.04959226
   -0.04822104
    0.04519725
    0.04906540
    0.05033487
    0.04188595
    0.02347034
    0.03616795
    0.04054082
    0.02146350
    0.03505774
    0.03947648
    0.05120637
   -0.03830826
   -0.05100707
   -0.04991099
   -0.05098249
   -0.05097866
   -0.04929380
    0.04479252
    0.03955064
    0.04836062
    0.04777568
    0.03525250
    0.04609042
    0.04530322
    0.03095087
    0.01864287
    0.03419392
    0.05094485
   -0.04903781
   -0.02909934
   -0.02868773
    0.05638620
    0.05651578
   -0.05018684
   -0.05028513
    0.04401488
   -0.04904475
   -0.05019905
    0.04520961
    0.02959705
    0.02998026
    0.02861833
    0.03186393
