           1           2   1.31919297091464     
           2           3   1.29292857696967     
           3           4   1.30294761678916     
           1           5   1.29150982007709     
           4           5   1.31691685246503     
           1           6  0.962510096246931     
           2           7  0.966813040304186     
           3           8  0.966662711731289     
           4           9  0.958040992692247     
           5          10  0.964976692095995     
           1          11  0.280352530836044     
           2          11  0.286737724173693     
           3          11  0.301577086679174     
           4          11  0.278301223825964     
           5          11  0.286565104356176     
          11          12  0.280853744299788     
          11          13  0.305831322401260     
          12          13   1.27250889472793     
          11          14  0.272997205478907     
          13          14   1.21537969359997     
          11          15  0.303158929850060     
          14          15   1.22803189900225     
          11          16  0.268097473359183     
          12          16   1.30908849147293     
          15          16   1.31146053348049     
          12          17  0.965125550043162     
          15          18  0.952855331052738     
          16          19  0.970668070103131     
          13          20  0.995244922300439     
          20          21  0.908217224090022     
          14          22   1.01285066581127     
          20          23  0.996401795662680     
          23          24  0.964893933783507     
          23          25  0.978821514995198     
          23          26  0.980342882176029     
          20          27  0.955093640059061     
          22          28  0.889438974537945     
          27          28  0.825228787743621     
          27          29  0.953591318386873     
          29          30  0.991941270043302     
          30          31   1.00943784989350     
          31          32   1.00805825852027     
          32          33   1.00975592317226     
          29          34  0.985804468222503     
          33          34   1.00867843493258     
          30          35  0.972205439497770     
          31          36  0.975272664083732     
          32          37  0.976577537997310     
          33          38  0.975441634095915     
          34          39  0.962408973414705     
          33          40  0.969695540730022     
          34          41  0.969306181571514     
          29          42  0.928567540505777     
          30          43  0.943178553608029     
          31          44  0.964290734094063     
          32          45  0.975868163348823     
          27          46  0.949048304955676     
          46          47  0.983514086496817     
          47          48   1.00863614018859     
          48          49   1.00885888088656     
          49          50   1.00917333578755     
          46          51  0.984750270486354     
          50          51   1.00763330487377     
          47          52  0.973729551412343     
          48          53  0.975297794184185     
          49          54  0.976179780486319     
          50          55  0.975276373288995     
          51          56  0.963032968301569     
          50          57  0.964506128148529     
          51          58  0.970058278463947     
          46          59  0.927463805195375     
          47          60  0.891654586891828     
          48          61  0.962599208516694     
          49          62  0.975918579952506     
          22          63  0.933617762089844     
          63          64  0.988085851250459     
          64          65   1.00755234495193     
          65          66   1.00954214204803     
          66          67   1.00902161567558     
          63          68  0.989988029239073     
          67          68   1.00942533771007     
          64          69  0.972089793436625     
          65          70  0.975818788506828     
          66          71  0.976548145370161     
          67          72  0.975816614745599     
          68          73  0.942589822497859     
          67          74  0.959969151240863     
          68          75  0.971041341647874     
          63          76  0.929112023139101     
          64          77  0.959979265891725     
          65          78  0.969968254669016     
          66          79  0.975986152198736     
          22          80  0.927206500815704     
          80          81  0.987472589625950     
          81          82   1.00932608505936     
          82          83   1.00880477469346     
          83          84   1.00921205390806     
          80          85  0.986707724344234     
          84          85   1.00785923262207     
          81          86  0.971384463237747     
          82          87  0.975480788350205     
          83          88  0.976549978471765     
          84          89  0.975528874842860     
          85          90  0.958142217713976     
          84          91  0.959452176756998     
          85          92  0.969912828595046     
          80          93  0.926154853416552     
          81          94  0.888493089420108     
          82          95  0.960621680497600     
          83          96  0.975633877450684     
          97          98  0.975722967004279     
          97          99  0.975488129159098     
          97         100  0.975389210435469     
          97         101  0.975636202513058     
          28         102  0.472193400384905     
          98         102  0.972635210653252     
          28         103  0.384671369668860     
          98         103  0.965976775185779     
          98         104  0.971332831577923     
          28         105  0.445425742313544     
          99         105  0.966633131423594     
         102         105   1.48489859080306     
          28         106  0.391724865939796     
          99         106  0.974484872451149     
         103         106   1.55520733392501     
          99         107  0.971478861565373     
         102         108  0.932687038840596     
         103         109  0.937027532120563     
         105         110  0.932960595290878     
         106         111  0.934102502001609     
