$coord
          1.935986441670          2.044003947373          0.455516862913     p 
         -2.561597117949         -1.829783157349          1.195489449036     p 
         -0.110145174606         -4.026130406473          2.457552915823     c 
         -1.295030374888         -5.518942691717          4.603090167745     c 
          3.399038634805         -0.358062245721          2.426588068051     c 
          2.386546506363         -2.815931685349          3.187284084732     c 
          4.326041294367         -4.047865228374          4.717872485677     c 
          6.477940575527         -2.370240030911          4.906600116566     c 
          5.901211393891         -0.096379906801          3.500540694625     c 
          0.268442980713         -5.301868292300          0.871793838042     h 
         -0.030371733472         -6.995032830965          5.295625934682     h 
         -3.049722793266         -6.430076053344          4.011480256918     h 
         -1.745271783788         -4.287501136954          6.194296967334     h 
         -1.536210081098          1.024085797262         -2.046076344626     rh
          7.103920666017          1.569604694276          3.323102217960     h 
         -4.546061809421          4.087615814217          7.187308056283     c 
         -6.154347652051          3.776800905617          5.162531865031     c 
         -5.656934289467          2.003841078696          3.289411103947     c 
         -3.500464281477          0.516379633925          3.516683951045     c 
         -1.883289014158          0.859399249885          5.527194306309     c 
         -2.399977066664          2.630241593715          7.371047224138     c 
         -0.166451327104         -0.224459414979          5.636431814549     h 
         -9.148676637579         -7.061226005063         -0.747848038859     c 
         -9.234281673971         -5.528363322906          1.354366151524     c 
         -7.217565753865         -3.959100254421          1.887978929027     c 
         -5.143374607216         -3.892838202647          0.315308933154     c 
         -4.998321713786         -5.481607563031         -1.770531023385     c 
         -7.043498374817         -7.048833663223         -2.284340394370     c 
         -7.241874241157         -2.791232381754          3.556973034518     h 
          5.714554993916         -3.270439122422          1.104502708979     fe
          8.862836914043         -4.349915712742         -1.018298838087     c 
          7.420983486327         -2.443456264164         -2.357681161696     c 
          4.892859096402         -3.418174690651         -2.771365015194     c 
          4.773319814234         -5.934475508264         -1.695631901492     c 
          7.223461658953         -6.509011501552         -0.607885284035     c 
         10.848168227032         -4.211263400472         -0.473979609215     h 
          3.379610109285         -2.431198359506         -3.764073908429     h 
          3.166474633472         -7.223216485720         -1.791863608236     h 
          7.764415714689         -8.286600444055          0.288644769051     h 
         -4.960358337960          5.478237468859          8.616275894206     h 
        -10.713931548381         -8.292266865927         -1.174922067513     h 
          8.206676764606         -2.729123305298          5.973324912715     h 
          4.180525629163         -5.914656818398          5.579170641800     h 
          8.109769381436         -0.598873461418         -2.968254010764     h 
          4.098196166064          2.829895867030         -2.062442416932     c 
          6.092174268033          4.468108017151         -1.814292817874     c 
          3.998320367924          1.914031776422         -4.479262888961     o 
          7.280126723699          4.587174006306         -4.165087285686     c 
          6.608635109150          5.476261610901         -0.120709161047     h 
          5.955647808638          3.013990667702         -5.749758093536     c 
          8.912861582336          5.705484618708         -4.646567134234     h 
          6.377950997176          2.668555389738         -7.723094071729     h 
          1.427756317987          4.779022351036          2.443031898612     c 
          0.086074003256          6.930887052478          1.893677941112     c 
          2.435573966841          4.962020880111          4.815657116294     o 
          0.263789872792          8.509689815658          3.994351872187     c 
         -0.894046863805          7.341981308494          0.162113860675     h 
          1.713177970270          7.257252765926          5.743749936458     c 
         -0.564676498949         10.358870285167          4.199743495214     h 
          2.231782967205          7.956213661373          7.597307548892     h 
         -7.470613776374          1.772432300851          1.146013175623     c 
         -6.713705042050          0.610187509380         -0.373012566337     h 
         -9.239713253362          0.922206820263          1.771233546392     h 
         -7.918377203699          3.622477708320          0.358768756806     h 
         -2.697101075356         -5.662233914965         -3.386454030356     c 
         -1.733750041338         -7.456835727597         -3.077062175914     h 
         -3.188060531928         -5.551101000069         -5.384417429237     h 
         -1.358146201709         -4.153630529022         -2.981500006444     h 
         -6.956345308564         -8.287084407406         -3.895958236754     h 
        -10.859147983230         -5.560045388761          2.580787934463     h 
         -7.828416140935          4.922819958666          5.013684239946     h 
         -1.108586422629          2.894108867603          8.923071933968     h 
         -4.069469368733          4.097692604365         -7.639966305808     c 
         -5.275762119105          3.080083657223         -5.081477385668     c 
         -1.316760627620          3.247781452665         -6.787276851806     c 
         -4.255619158125          6.142728883135         -7.872618606098     h 
         -4.748782248504          3.098188647789         -9.316400692275     h 
         -4.241337408187          0.323335172037         -5.127621914252     c 
         -3.568878393225          4.498963623645         -3.144193690598     c 
         -7.338255070900          3.309633415087         -4.869861355531     h 
         -1.856712524835          0.422045135689         -6.157473055248     c 
         -1.187839438528          4.602016685864         -4.175896117116     c 
          0.244553370075          3.629365910395         -8.117408727276     h 
         -5.297231626506         -1.380999898786         -4.637200848162     h 
         -4.203682298820          5.425708191429         -1.412521601552     h 
         -0.658080259911         -1.185417871509         -6.652246321204     h 
          0.442429581914          5.633203767675         -3.442230032145     h 
$end
