   29
          6          1          6
          9          7         15
          3         16         18
          1         19         19
          1         20         20
          6         21         26
          5         27         31
          4         32         35
          1         36         36
          7         37         43
         11         44         54
         12         55         66
          2         67         68
          5         69         73
          1         74         74
          1         75         75
          1         76         76
          3         77         79
          1         80         80
          2         81         82
          2         83         84
          1         85         85
          1         86         86
          1         87         87
          1         88         88
          1         89         89
          1         90         90
          1         91         91
          1         92         92
