# indices of neighbouring atoms (max seven)
5 14 45 53
3 14 19 26
2 4 6 10
3 11 12 13
1 6 9
3 5 7
6 8 43
7 9 42
5 8 15
3
4
4
4
1 2 78 79 81 82
9
17 21 40
16 18 71
17 19 61
2 18 20
19 21 22
16 20 72
20
24 28 41
23 25 70
24 26 29
2 25 27
26 28 65
23 27 69
25
5 6 7 8 9 31 32 33 34 35
32 35 36
31 33 44
32 34 37
33 35 38
31 34 39
31
33
34
35
16
23
8
7
32
1 46 47
45 48 49
45 50
46 50 51
46
47 48 52
48
50
1 54 55
53 56 57
53 58
54 58 59
54
55 56 60
56
58
18 62 63 64
61
61
61
27 66 67 68
65
65
65
28
24
17
21
74 75 76 77
73 78 79 80
73 81 82 83
73
73
74 81 84
74 82 85
74
75 78 86
75 79 87
75
78
79
81
82
