    0.00568669
    0.01030315
   -0.03874809
   -0.07478430
   -0.02974147
   -0.02092964
   -0.04325725
   -0.04161361
   -0.04314857
    0.04010324
    0.04737990
    0.04753360
    0.04749160
    0.27388569
    0.05249573
   -0.03013970
   -0.03255900
   -0.00847002
   -0.02403985
   -0.03248907
   -0.03229687
    0.03126538
   -0.03080629
   -0.03266007
   -0.03535318
   -0.03115574
   -0.01274016
   -0.03342130
    0.04895170
    0.19801203
   -0.03820779
   -0.03815788
   -0.03649341
   -0.04186966
   -0.03818180
    0.06043424
    0.05724137
    0.08500702
    0.05183663
    0.06764369
    0.06919962
    0.05721826
    0.04887162
    0.06146343
    0.09096013
   -0.03314901
   -0.39347218
   -0.03142170
    0.08885010
    0.08428490
    0.07086685
    0.06030130
    0.08775683
   -0.03371353
   -0.38256554
   -0.03081602
    0.04981995
    0.09005674
    0.06853378
    0.06856597
   -0.07652065
    0.05720283
    0.04845799
    0.05523728
   -0.07676950
    0.05068323
    0.05838497
    0.04714681
    0.06301874
    0.06422119
    0.06398408
    0.05612701
   -0.04923395
   -0.02670284
   -0.02581682
    0.06395455
    0.06666680
   -0.04524305
   -0.04828060
    0.05616048
   -0.05123359
   -0.04822969
    0.05735969
    0.06235417
    0.04550642
    0.09466119
    0.04128483
