$coord
          1.948385456301          2.029133681166          0.672970880755     p
         -2.664813887845         -1.925613765967          0.047712705259     p
          0.199592090893         -3.631274168611         -1.168723764239     c
         -0.087653591204         -6.355880609257         -2.045717437085     c
          3.312370369766         -0.959908370020          1.478624050982     c
          2.246554582483         -3.346085215891          0.752471703585     c
          3.724838294018         -5.264925868123          1.879953937471     c
          5.713332716636         -4.103812658575          3.230840074643     c
          5.487987943425         -1.466416543269          2.979676613185     c
          0.780867986957         -2.486307305321         -2.797777341322     h
          1.631131751941         -6.898503240279         -3.033315430121     h
         -1.684621638148         -6.572626146163         -3.320807345718     h
         -0.327853887288         -7.634403912652         -0.466683548315     h
         -2.227457402522          2.349868280543         -0.181501719729     rh
          6.715464883102         -0.080243668293          3.803885198486     h
         -2.878823618677         -3.822808829375          8.544303435094     c
         -3.436078103586         -5.744473650077          6.871039758072     c
         -3.484909656749         -5.363508451045          4.266504023512     c
         -2.943438957516         -2.947741288154          3.338353606817     c
         -2.414750158402         -1.007547062453          5.056131991875     c
         -2.376440810360         -1.421972303277          7.628088571867     c
         -2.036242068283          0.887250281631          4.335385679813     h
         -9.773962225929         -4.268529145583         -4.356571028390     c
         -9.738071746123         -4.411942784952         -1.743342079228     c
         -7.569596707323         -3.761393521288         -0.444385698888     c
         -5.404912082503         -2.993192544802         -1.734798185335     c
         -5.482343256817         -2.699736416360         -4.366260595156     c
         -7.672848242217         -3.388981511796         -5.639694823621     c
         -7.544466489995         -3.839379092961          1.595687343155     h
          5.843964337125         -3.087678331384         -0.515617900460     fe
          8.178371767250         -5.482254242885         -2.516261970666     c
          9.554783862437         -3.359077058494         -1.668212947559     c
          8.438765550319         -1.181875659372         -2.720859462959     c
          6.382564649636         -1.959567006694         -4.239679756137     c
          6.230366610358         -4.614887140310         -4.118167364254     c
          8.583147949454         -7.421124301241         -2.074431922159     h
          9.088679995426          0.721188903777         -2.474849478022     h
          5.223580942215         -0.764380739306         -5.398488340945     h
          4.936056930054         -5.781526146333         -5.157472958030     h
         -2.851466476708         -4.188883596894         10.549795833207     h
        -11.450289963440         -4.794802651135         -5.390338806625     h
          7.156153873332         -5.073768867812          4.273064888982     h
          3.430533956773         -7.264703331952          1.737738035032     h
         11.180840644839         -3.398205083884         -0.455543634120     h
          3.471814191155          3.121208697966         -2.161329587684     c
          5.632621322504          4.337995306416         -2.876817987840     c
          1.934566806594          2.793202940880         -4.193792636062     o
          5.411895558932          4.745580943287         -5.506959804440     c
          7.164248808030          4.884716026200         -1.675517047741     h
          3.132775286511          3.768945379207         -6.198825351161     c
          6.764984810503          5.645738096245         -6.710706359917     h
          2.199086777215          3.668524086138         -7.994985162386     h
          3.308915444127          4.082423424828          3.010784545462     c
          3.635790930466          3.868122885714          5.571485731171     c
          3.875399165292          6.461466607936          2.256151484193     o
          4.518923751983          6.244416797088          6.404901258958     c
          3.306299119153          2.215120990811          6.692421253212     h
          4.623721709163          7.738247022183          4.310356257394     c
          5.007361172871          6.766213448616          8.296606892824     h
          5.193198697335          9.665534809487          4.053250111594     h
         -4.165343790624         -7.584174921534          2.650547951230     c
         -5.992243771549         -8.333401998434          3.235649762591     h
         -4.273706178752         -7.093733822324          0.664418411255     h
         -2.788117073538         -9.092151622329          2.912651428019     h
         -3.313511797085         -1.588417439500         -5.808270157184     c
         -1.907227115776         -3.021079380959         -6.261608524892     h
         -3.980988782135         -0.790983718445         -7.582134221874     h
         -2.399404139150         -0.084440622140         -4.708525644715     h
         -7.737873331423         -3.204828229812         -7.671907804578     h
        -11.394547800584         -5.020597987918         -0.722524737384     h
         -3.852652887825         -7.611532389005          7.583856688267     h
         -1.966105787674          0.109916547573          8.910160237759     h
         -6.595294045420          7.548984181444         -0.618098072742     c
         -5.023197464325          6.107409031436         -2.593537856081     c
         -5.593832129645          5.957921879166          1.599778899920     c
         -8.625447538583          7.355874231374         -0.900948718432     h
         -6.093954232820          9.541127268445         -0.477673685098     h
         -2.397598638367          6.298410484196         -1.407390864762     c
         -5.774118979927          3.388585312898         -1.968977748737     c
         -5.188852339930          6.678549270633         -4.557778456718     h
         -2.749734810831          6.211106218844          1.165130805316     c
         -6.132471807121          3.298142460530          0.609492407863     c
         -6.278078680540          6.394671684642          3.484725134463     h
         -0.757622712263          7.004210017186         -2.400670667614     h
         -6.538860007053          2.092969829056         -3.350480083537     h
         -1.446770379477          6.823656940129          2.616048725893     h
         -7.189836448799          1.896727215191          1.657519647896     h
$end
$end
