           2           3  0.920741892410097     
           3           4  0.997690622204863     
           1           5   1.00750737596327     
           3           6  0.994715738079069     
           5           6   1.19347306150494     
           6           7   1.28523273909860     
           7           8   1.29588923566618     
           5           9   1.23773264808551     
           8           9   1.31930318946849     
           3          10  0.918560883724344     
           4          11  0.977437526624950     
           4          12  0.976762969554263     
           4          13  0.976901022241922     
           1          14  0.874724070149585     
           2          14  0.890325337885434     
           9          15  0.963064373666769     
          16          17   1.45631232430033     
          17          18   1.40214620682222     
           2          19  0.985286760533533     
          16          19  0.100885418099345     
          18          19   1.36789703480167     
          17          20  0.106758704979734     
          19          20   1.37104771063265     
          16          21   1.41718281820800     
          18          21  0.104399126203464     
          20          21   1.45944596167928     
          20          22  0.893679221501777     
          23          24   1.42726532384556     
          24          25   1.44994552150426     
           2          26  0.980786596126083     
          23          26  0.100642992033754     
          25          26   1.37904981946681     
          24          27  0.103012005367433     
          26          27   1.35023920461064     
          23          28   1.44184083512121     
          25          28  0.104516924649389     
          27          28   1.41681126778510     
          25          29  0.956617913216386     
           5          30  0.291605770533843     
           6          30  0.314223884235633     
           7          30  0.292264386048543     
           8          30  0.286983594167741     
           9          30  0.303578467849926     
          30          31  0.319229260871392     
          30          32  0.301913766635553     
          31          32   1.29595825697009     
          30          33  0.309230378770066     
          32          33   1.31086696027512     
          30          34  0.307655525023321     
          33          34   1.28921948614219     
          30          35  0.295532416543884     
          31          35   1.29907191010109     
          34          35   1.31043360424237     
          31          36  0.961147462791542     
          33          37  0.961640162282049     
          34          38  0.961786123169170     
          35          39  0.961014121424057     
          16          40  0.969128017196775     
          23          41  0.969500958036973     
           8          42  0.964780761969360     
           7          43  0.962685811923592     
          32          44  0.960588504722783     
           1          45  0.969892733122953     
          45          46   1.54682172141914     
          45          47   1.09025231980505     
          46          48   1.30567396897191     
          46          49  0.971126331696278     
          45          50  0.144469037024438     
          47          50   1.14283482160914     
          48          50   1.59390330314313     
          48          51  0.970145318688930     
          50          52  0.963237563567797     
           1          53  0.987415805229411     
          53          54   1.53080694064250     
          53          55   1.10309059991197     
          54          56   1.31281381075248     
          54          57  0.969232435993316     
          53          58  0.140494220797828     
          55          58   1.14593727259376     
          56          58   1.59028008128709     
          56          59  0.971221842144946     
          58          60  0.962791714618835     
          18          61   1.02843057597349     
          61          62  0.967195170576355     
          61          63  0.965208448463668     
          61          64  0.965530969763204     
          27          65   1.02798578609916     
          65          66  0.960313650556334     
          65          67  0.978591982463516     
          65          68  0.914667439090172     
          28          69  0.966206120349069     
          24          70  0.968218302960503     
          17          71  0.966508884135901     
          21          72  0.968308368907056     
          73          74  0.975962013734739     
          73          75  0.975672409821599     
          73          76  0.975486221792879     
          73          77  0.975396629629874     
          14          78  0.418347912707145     
          74          78  0.968597527527347     
          14          79  0.447180660926115     
          74          79  0.967212296113353     
          74          80  0.971092596052561     
          14          81  0.424292791909718     
          75          81  0.967188979372781     
          78          81   1.53018583209043     
          14          82  0.441518329931043     
          75          82  0.967591052582373     
          79          82   1.50801934777675     
          75          83  0.970822312124344     
          78          84  0.938748026954466     
          79          85  0.934839117576732     
          81          86  0.936603462366893     
          82          87  0.935614201609026     
