$coord
          2.014582585994          0.382328747649          0.676916662481     p 
          1.842823306315          3.714152826786          1.242687644212     c 
          1.492298972749          5.360872936981         -0.737299679128     c 
          1.464223328493          7.943853815638         -0.334487159558     c 
          1.767665375870          8.873118549350          2.139189695717     c 
          2.114895212995          7.171258833004          4.155056021871     c 
          2.199507574267          4.604790665986          3.656917304232     c 
          5.207138108127         -0.303934266185         -0.304010050054     c 
          6.186897732151         -2.698177765046         -0.049424270612     c 
          8.608246012310         -3.254939424646         -0.857805968646     c 
         10.096141803788         -1.324207920423         -1.920659428941     c 
          9.079473735512          1.118064017339         -2.194581803647     c 
          6.645965369336          1.588320254351         -1.362400127511     c 
         -4.314995458233          0.375092381332          0.636462387292     p 
         -3.607982182757         -0.069640669745          4.092555745687     c 
         -3.409488218938          2.386459563663          5.564906625995     c 
          1.208732205159         -1.408574928371          3.518817635134     c 
         -1.321223594151         -1.719795841000          4.584807509113     c 
         -1.077119880775         -3.362384326757          6.792057878489     c 
          1.559608293259         -4.027133260413          7.092712315907     c 
          2.969300666283         -2.812804233311          5.086052480600     c 
          1.281187731121          4.639564311966         -2.625954672353     h 
          2.536113588101          3.286893419230          5.172229909123     h 
          5.054543633640         -4.160736145956          0.786620003097     h 
          5.871267065028          3.459896975543         -1.544048119339     h 
         -5.261866087556         -1.105185839051          4.795163216197     h 
         -5.163383631791          3.462417949517          5.559053982025     h 
         -1.937793178225          3.590249043581          4.787278032507     h 
         -2.922031032286          2.025833368388          7.536942786052     h 
         -1.125550377392         -0.920158907244         -2.193966044951     rh
          5.017574026140         -2.857335384744          4.853463271834     h 
          0.246735955736         -5.231460075212          3.542441159887     fe
          1.630387454858         -7.279512966600          0.406316670713     c 
         -1.099447203381         -7.131008630076          0.326621237466     c 
         -2.083839837335         -8.276141241217          2.615848846755     c 
          0.049404303201         -9.129492363485          4.114622726986     c 
          2.346179965481         -8.507116640462          2.749514411674     c 
          2.891522607566         -6.822891590806         -1.159235320505     h 
         -4.073185967779         -8.568068389409          3.076969980343     h 
         -0.057093294787        -10.132897090665          5.914466155254     h 
          4.267343997548         -8.982010709984          3.333222141670     h 
          2.357227266531         -5.168051255642          8.615226617826     h 
         -2.602024012332         -3.850107829085          8.090899224770     h 
         -2.192779574655         -6.454687586160         -1.281585245179     h 
         -5.040748209778          3.794633652625          0.145742625259     c 
         -4.781572683414          4.718736462334         -2.593796030086     c 
         -7.657561913753          4.535462531591          1.176875146336     c 
         -3.599367208636          4.783474383612          1.258283604817     h 
         -5.135037566996          7.608470248325         -2.739160173285     c 
         -6.231335484824          3.810017522295         -3.754064342825     h 
         -2.962461776608          4.137412276559         -3.398254934084     h 
         -8.031819501087          7.422411852883          1.080668457484     c 
         -9.116487840955          3.639155393223          0.015216520831     h 
         -7.965694454444          3.787138279903          3.083203820021     h 
         -7.710740863846          8.407042259526         -1.641389270393     c 
         -4.915721664230          8.284275746089         -4.689380658194     h 
         -3.634376246818          8.531612514869         -1.651484620862     h 
         -9.885227963688          7.954774205717          1.848987081191     h 
         -6.636204296458          8.335821457067          2.310496587287     h 
         -7.931329077519         10.470296352682         -1.708060502260     h 
         -9.229200613042          7.649111492055         -2.830530880333     h 
         -7.320725424596         -1.438949712616          0.255399345391     c 
         -8.680283546765         -1.146532118935         -2.294865030104     c 
         -6.966467572133         -4.249578301040          0.867607330292     c 
         -8.552245478954         -0.629391791136          1.715157300788     h 
        -11.266655641061         -2.488037082508         -2.245694238260     c 
         -7.520868948904         -1.996780032838         -3.776937087206     h 
         -8.881445048678          0.845749311488         -2.817916562968     h 
         -9.528722820213         -5.634502881889          0.947547959638     c 
         -5.787803857634         -5.097155741915         -0.602938268927     h 
         -5.917339637572         -4.494594078173          2.638752192035     h 
        -10.965200377469         -5.304881722053         -1.565243758396     c 
        -12.244814020542         -2.268230710065         -4.063458407680     h 
        -12.488262787596         -1.570709167473         -0.845673266837     h 
         -9.264270412338         -7.645669131928          1.388462350404     h 
        -10.672140651698         -4.872981486015          2.498721621371     h 
        -12.816282230079         -6.240896015260         -1.480024737647     h 
         -9.928487730368         -6.268656649570         -3.078850859540     h 
         10.629357188175          3.155539346494         -3.334199694068     c 
         12.603095879630         -1.837481788806         -2.716719987930     o 
          1.720450154831         11.514552499856          2.591715934468     o 
          4.140708936548         12.642043814581          2.564433731714     c 
          3.938525688727         14.653095423072          2.966159512032     h 
          5.334790730615         11.771332802547          3.999597261039     h 
          4.999566794877         12.396057286551          0.708243503699     h 
         14.422240733852         -1.467755847067         -0.797733711762     c 
         16.287480797077         -1.893828632961         -1.563447503961     h 
         14.371507242583          0.490664789337         -0.159944717579     h 
         14.026393472388         -2.722771239074          0.787472832260     h 
          9.651341343730         -5.842292526894         -0.591837393202     c 
          2.423800465273          8.137541481280          6.767156540513     c 
          1.251275543662          9.739777026700         -2.476283109936     c 
          0.164897868060          8.934416298614         -4.031023167549     h 
          3.115834560616         10.232303165673         -3.201537343082     h 
          0.325028633128         11.480739055000         -1.877100953658     h 
          1.748305946102         10.079579298816          6.910409897999     h 
          4.404178690709          8.103946800359          7.335353541836     h 
          1.352557327388          6.998302531178          8.109660296816     h 
         12.226823293767          2.362188541889         -4.367474789072     h 
         11.368812703327          4.417025115932         -1.882261022138     h 
          9.518471880292          4.279485202180         -4.657141350140     h 
         11.321572219864         -6.078560499746         -1.776380814247     h 
          8.269318514178         -7.260516790158         -1.163001986896     h 
         10.190784798840         -6.221630566287          1.360414640644     h 
         -0.300759230092         -2.211203448727         -8.919661502272     c 
         -0.302890394421         -3.903836068088         -6.432817874487     c 
         -0.800382593160          0.292594445385         -7.329900754806     c 
         -1.839028247548         -2.671861106050        -10.220739875519     h 
          1.518920149554         -2.205181587924         -9.899537822166     h 
          1.704017277689         -2.440381145630         -4.860721504548     c 
         -2.890011819102         -3.084004208533         -5.296502184164     c 
          0.010754819472         -5.950464670572         -6.689472896284     h 
          1.405339376828          0.083167000789         -5.399492035429     c 
         -3.187041205059         -0.558284069879         -5.838098491420     c 
         -0.944730775090          2.074459531953         -8.404636820562     h 
          3.255826872833         -3.269764219838         -3.784183396883     h 
         -4.333313604028         -4.364573292322         -4.564618126637     h 
          2.706824547790          1.589257762512         -4.857797151374     h 
         -4.921128632587          0.535944701970         -5.634125258708     h 
$end
