   23
         37          1         37
        342         38        379
        439        380        818
         30        819        848
          3        849        851
          2        852        853
          1        854        854
         31        855        885
        244        886       1129
        127       1130       1256
         16       1257       1272
          3       1273       1275
          7       1276       1282
          4       1283       1286
          2       1287       1288
          1       1289       1289
          1       1290       1290
          1       1291       1291
          2       1292       1293
          6       1294       1299
          1       1300       1300
          1       1301       1301
          1       1302       1302
