# indices of neighbouring atoms (max seven)
2 8 17 30
1 3 7
2 4 22
3 5 92
4 6 81
5 7 91
2 6 23
1 9 13
8 10 24
9 11 90
10 12 80
11 13 79
8 12 25
15 30 45 62
14 16 18 26
15 27 28 29
1 18 21
15 17 19
18 20 43
19 21 42
17 20 31
3
7
9
13
15
16
16
16
1 14 110 111 113 114
21
17 18 19 20 21 33 34 35 36 37
34 37 38
33 35 44
34 36 39
35 37 40
33 36 41
33
35
36
37
20
19
34
14 46 47 48
45 49 50 51
45 52 53 54
45
46 55 56 57
46
46
47 55 58 59
47
47
49 52 60 61
49
49
52
52
55
55
14 63 64 65
62 66 67 68
62 69 70 71
62
63 72 73 74
63
63
64 72 75 76
64
64
66 69 77 78
66
66
69
69
72
72
12 99 100 101
11 86
5 82
81 83 84 85
82
82
82
80 87 88 89
86
86
86
10 102 103 104
6 96 97 98
4 93 94 95
92
92
92
91
91
91
79
79
79
90
90
90
106 107 108 109
105 110 111 112
105 113 114 115
105
105
106 113 116
106 114 117
106
107 110 118
107 111 119
107
110
111
113
114
