   -0.00031532
   -0.02989066
   -0.04021490
   -0.01464117
    0.09618662
   -0.01410634
   -0.03983363
   -0.02722514
   -0.03935913
   -0.01261943
    0.09833833
   -0.01161680
   -0.03876062
   -0.01270497
   -0.03933402
   -0.07289318
   -0.03653335
   -0.02723793
   -0.04661277
   -0.04489031
   -0.04575980
    0.02184370
    0.04395325
    0.03853303
    0.04438952
    0.02805208
    0.03981886
    0.03750555
    0.03860728
    0.25790517
    0.04221500
    0.19490018
   -0.03993129
   -0.04003910
   -0.03938631
   -0.04074444
   -0.04008250
    0.05179714
    0.04407769
    0.05364588
    0.04487582
    0.04675054
    0.03983965
    0.05235106
   -0.03928734
   -0.04879744
   -0.04986740
    0.03374674
   -0.05147489
    0.04104807
    0.03521606
   -0.05082789
    0.03883633
    0.01909782
   -0.05088432
    0.04843771
    0.04748230
    0.04036116
    0.04508275
    0.05037000
    0.04541432
   -0.04054274
   -0.04905332
   -0.04895020
    0.02966996
   -0.05122700
    0.03541030
    0.02230251
   -0.05141523
    0.03782282
    0.03713928
   -0.05100814
    0.04521825
    0.04432540
    0.04979497
    0.04786680
    0.05213682
    0.04761927
   -0.07379076
   -0.36979867
   -0.37053272
    0.01896242
    0.05751840
    0.07539491
    0.05639000
    0.01879774
    0.05773372
    0.07615050
    0.05764564
   -0.07322514
   -0.07344888
   -0.07281088
    0.04903935
    0.04517532
    0.08328775
    0.05383705
    0.08460302
    0.05001691
    0.05355973
    0.08593501
    0.05377212
    0.08485095
    0.05261528
    0.04850122
   -0.04900544
   -0.02891184
   -0.02868283
    0.05637384
    0.05682384
   -0.04854433
   -0.04978423
    0.04535312
   -0.04917304
   -0.04948597
    0.04611852
    0.03448275
    0.03028832
    0.04112103
    0.03092931
