           1           2  0.968423603535938     
           2           3   1.37241777368248     
           3           4   1.44155234345757     
           4           5   1.31337319725086     
           5           6   1.34361912387324     
           2           7   1.38748865898172     
           6           7   1.42091733829545     
           1           8  0.972491824340104     
           8           9   1.38491124237525     
           9          10   1.41968294427637     
          10          11   1.36023727171671     
          11          12   1.36113593377094     
           8          13   1.38549876347451     
          12          13   1.41837279428071     
          14          15  0.946098809499645     
          15          16  0.995801616668120     
           1          17   1.00119393394161     
          15          18  0.991595757549769     
          17          18   1.20312315066341     
          18          19   1.27504747798995     
          19          20   1.29580682706636     
          17          21   1.24371150695314     
          20          21   1.31586801349504     
           3          22  0.917314128413629     
           7          23  0.961218064817039     
           9          24  0.952626752270459     
          13          25  0.956895535409599     
          15          26  0.920369137829757     
          16          27  0.977562542609764     
          16          28  0.974470215298297     
          16          29  0.978072413675496     
           1          30  0.885317498265229     
          14          30  0.886144485871571     
          21          31  0.963164714221865     
          17          32  0.288283324612381     
          18          32  0.312516442282868     
          19          32  0.295998330418936     
          20          32  0.286723638088007     
          21          32  0.300760507491122     
          32          33  0.315290584006808     
          32          34  0.303006631278752     
          33          34   1.29436803881491     
          32          35  0.303281101675400     
          34          35   1.30786900455204     
          32          36  0.294548193146477     
          35          36   1.29576413587654     
          32          37  0.287610582660073     
          33          37   1.29837644962955     
          36          37   1.31705566332107     
          33          38  0.964049571410817     
          35          39  0.961228428663289     
          36          40  0.961776368509285     
          37          41  0.964238302766810     
          20          42  0.966955094259016     
          19          43  0.963152269243023     
          34          44  0.961982036802760     
          14          45  0.960907757524162     
          45          46  0.986388404858094     
          45          47  0.984501343186760     
          45          48  0.931665938005510     
          46          49   1.00162003754328     
          46          50  0.966990822217022     
          46          51  0.966721268157684     
          47          52   1.00519250439273     
          47          53  0.958549760349859     
          47          54  0.913200460738416     
          49          55   1.00956266119858     
          52          55   1.00749866520719     
          49          56  0.975210117765565     
          49          57  0.976728110960932     
          52          58  0.975455258056662     
          52          59  0.976105169908352     
          55          60  0.976387213716996     
          55          61  0.976884033550254     
          14          62  0.955883152385457     
          62          63  0.986624401594519     
          62          64  0.987300173191267     
          62          65  0.927294226543654     
          63          66   1.00466919810935     
          63          67  0.967031030486613     
          63          68  0.949221266120171     
          64          69   1.00084841741430     
          64          70  0.969574119354924     
          64          71  0.969235974801411     
          66          72   1.00817039781832     
          69          72   1.00952644849498     
          66          73  0.975657194375300     
          66          74  0.976266660881811     
          69          75  0.975133495125908     
          69          76  0.976842138945763     
          72          77  0.976294428050258     
          72          78  0.976961596678893     
          12          79   1.02765030263992     
          11          80   1.00959262212489     
           5          81   1.07041986475220     
          81          82  0.972477518001340     
          82          83  0.974357861904413     
          82          84  0.977224122360939     
          82          85  0.979893903734195     
          80          86  0.965852061335757     
          86          87  0.979453492977360     
          86          88  0.979049983502126     
          86          89  0.979299037339267     
          10          90   1.02778068339461     
           6          91   1.02310384400173     
           4          92   1.03029492274258     
          92          93  0.967459617201575     
          92          94  0.984955056072912     
          92          95  0.966094662493733     
          91          96  0.967912803959757     
          91          97  0.971197222521133     
          91          98  0.981735381210817     
          79          99  0.964018256138033     
          79         100  0.977925322472399     
          79         101  0.978951320649081     
          90         102  0.978351277310305     
          90         103  0.963986139980965     
          90         104  0.978173154015862     
         105         106  0.976069945239765     
         105         107  0.975862230123657     
         105         108  0.975588560327760     
         105         109  0.975609795318020     
          30         110  0.428531479674778     
         106         110  0.967366465715406     
          30         111  0.447062940552612     
         106         111  0.968274979041571     
         106         112  0.971211062521120     
          30         113  0.435447368894804     
         107         113  0.969138667030770     
         110         113   1.51958241699923     
          30         114  0.438451559054229     
         107         114  0.966263752344805     
         111         114   1.51063278212383     
         107         115  0.971093558889032     
         110         116  0.936362396539561     
         111         117  0.934741006960413     
         113         118  0.935173057364958     
         114         119  0.936815011566595     
