$coord
         -1.427871685567          3.066395122874          1.965606602786     p 
          0.675452517744         -1.284521586018         -2.767519959002     p 
          1.144763975308         -3.015657092106          3.524209898022     fe
          4.261118273676         -3.622453221818          1.111260155057     c 
         -2.640857628501         -1.908272540094          3.953873715208     c 
          1.872669039860         -3.468647386511         -0.302489128879     c 
         -1.001115022025          0.301525088588          3.994428094473     c 
          0.760625839818          0.018028632787          6.072606740131     c 
          0.273487717329         -5.506711860219          0.605319806448     c 
          0.246438186327         -2.367323048424          7.316537348563     c 
          1.579783482760         -6.856257678193          2.590280415489     c 
         -1.856628190713         -3.555212887644          6.024764333600     c 
          4.026224282578         -5.691585012931          2.915248958733     c 
         -1.592621478859          2.572559837133         -2.441199377313     rh
         -1.613816143007         -5.941673538466         -0.089669878861     h 
          0.864132902650         -8.494738444165          3.619306788429     h 
          5.496034100936         -6.330619603155          4.211534767953     h 
          2.142707979175          1.428166992474          6.666808963598     h 
          1.222299722592         -3.104715425035          8.978168951742     h 
         -2.679049159066         -5.381500178787          6.506229097789     h 
          6.774463513228         -2.409503462224          0.414224721221     c 
          8.159237698914         -1.129440839729          2.559159729577     c 
         10.485286773283         -0.033806355738          2.061944205993     c 
          7.205975262996         -0.975175158320          4.993479119265     c 
         11.815583923618          1.196588367951          3.935329122230     c 
         11.246305678177         -0.160369016613          0.179365066254     h 
          8.527810778944          0.256251402035          6.871681567534     c 
          5.409042307487         -1.813411084029          5.422073003099     h 
         10.834185290577          1.345849892340          6.343612215876     c 
         13.622608736437          2.037110253188          3.516800209253     h 
          7.757319790726          0.366096409358          8.753433355583     h 
         11.869593038068          2.307246899083          7.810581541618     h 
         -4.816319910459         -2.243937888790          2.104249242683     c 
         -5.975575056645         -4.849957224163          2.095217800364     c 
         -6.931686501797         -5.934312969344          4.276808789743     c 
         -6.171820117705         -6.186285187311         -0.150349934349     c 
         -8.009873563539         -8.307122100636          4.226835307889     c 
         -6.826308153718         -4.911117641374          6.030036986094     h 
         -7.245438390720         -8.558290841712         -0.207113402605     c 
         -5.480902005502         -5.354391938913         -1.870039735457     h 
         -8.162178022540         -9.624743214967          1.984837657801     c 
         -8.737292430518         -9.130662426802          5.941396091170     h 
         -7.372555682759         -9.575515057847         -1.966629268801     h 
         -9.004371991533        -11.478802994293          1.944790134028     h 
          6.374215820423         -0.939248826187         -0.980705112499     h 
          8.494189129178         -4.237799604616         -0.887826250508     n 
          9.563703323533         -6.306897746702          0.665437558863     c 
         11.137071455603         -7.182867980570         -0.326482646477     h 
         10.254464029123         -5.570572137397          2.455910336737     h 
          8.139865016875         -7.742313921993          1.031965890976     h 
          7.447143736297         -5.135096968264         -3.289206378407     c 
          8.807706929054         -6.342575573070         -4.247837942054     h 
          5.722388242080         -6.206640346375         -2.967413591053     h 
          7.031963126874         -3.541033907050         -4.514903982269     h 
         -4.013349483498         -1.924954847266          0.217778530582     h 
         -6.765126078358         -0.197824092441          2.415331707564     n 
         -8.796575739290         -0.365084329398          0.532673052693     c 
         -9.992824248533          1.305247971540          0.618347984190     h 
         -8.007741254225         -0.511153252693         -1.359581510173     h 
         -9.959056755576         -2.025001458868          0.882562461206     h 
         -7.809301211847          0.135116217768          4.959362526840     c 
         -8.915326189942          1.865783017963          5.049292530635     h 
         -9.032276620692         -1.439530744575          5.456229049034     h 
         -6.289703284491          0.269381844375          6.337955243768     h 
         -1.444413086836         -3.273720059513         -4.586004029160     c 
         -4.538112732584         -6.514670980382         -7.269196755356     c 
         -5.406946619173         -4.156691372188         -6.575244900168     c 
         -3.860068721396         -2.542428820921         -5.226468927066     c 
         -0.582172949571         -5.631367712021         -5.273232261719     c 
         -2.125465280575         -7.256900596031         -6.617325934792     c 
         -5.743455779260         -7.776159187566         -8.319508216963     h 
         -7.292646097831         -3.575562584832         -7.078856537033     h 
         -4.552366492468         -0.715923909504         -4.665452482973     h 
          1.297504632758         -6.205403583858         -4.733683258990     h 
         -1.444224442108         -9.099620466684         -7.152363461725     h 
          3.226512427235         -0.299598094408         -4.801807517768     c 
          7.104135109283          1.302336741567         -7.903095860922     c 
          6.732587961168          2.441869015120         -5.587397819778     c 
          4.784123211568          1.640150214694         -4.044042621370     c 
          3.585529065440         -1.425102322046         -7.120783327500     c 
          5.528002201757         -0.627118862591         -8.675519726792     c 
          8.620154728871          1.923501148934         -9.112605472881     h 
          7.952206598787          3.956659765954         -4.984097622978     h 
          4.447204142521          2.549418410950         -2.256535167441     h 
          2.339267634441         -2.916605502096         -7.721491371719     h 
          5.810977793717         -1.511782863648        -10.487584710084     h 
          1.509271973251          4.773890614461          1.740543362162     c 
          6.010562708798          7.357755156939          1.287620178350     c 
          6.017510104837          4.790012015822          1.731942977104     c 
          3.759955252045          3.493818564312          1.946030086402     c 
          1.491950457206          7.339477212985          1.302811493638     c 
          3.748130346342          8.637161041085          1.070988538510     c 
          7.771495043268          8.366781400433          1.120206632840     h 
          7.779695708202          3.796203675305          1.930916359482     h 
          3.739295295493          1.481406482962          2.244898873206     h 
         -0.285888596196          8.321607174503          1.154395615564     h 
          3.738396031228         10.644783108594          0.731317533561     h 
         -3.642286065921          5.072176460493          3.595083209547     c 
         -6.891793148670          8.143545595667          6.274276407304     c 
         -4.478206733033          7.710648244598          7.163779747074     c 
         -2.852174338519          6.167019823565          5.818437640348     c 
         -6.053726282191          5.488524850633          2.715492514928     c 
         -7.683190037871          7.032114118434          4.051381577319     c 
         -8.160283772587          9.346275271541          7.319170172581     h 
         -3.860061055345          8.572919071579          8.901756819067     h 
         -0.962047241788          5.807687237543          6.492665648558     h 
         -6.666594983125          4.578335746891          1.003699072972     h 
         -9.570536822009          7.359808038615          3.360670513128     h 
         -3.711399537463          6.806907043020         -7.448610754740     c 
         -1.861439858357          7.121999333834         -5.099436208389     c 
         -4.261594034105          3.933775025405         -6.752492128441     c 
         -2.761859618458          7.036432364271         -9.270026910642     h 
         -5.388333583155          8.009512502673         -7.332917512366     h 
         -3.639591433502          6.185187581946         -2.955886234227     c 
         -0.055734466746          4.860203939791         -5.603254213909     c 
         -0.978492591688          8.994251413222         -4.842276628440     h 
         -5.092499134411          4.270184275303         -3.947733008595     c 
         -1.493937686589          2.939558165632         -6.598251932065     c 
         -5.567585527957          2.899765603684         -8.008138382023     h 
         -3.881817482104          7.086344517903         -1.117024794112     h 
          2.002552216813          4.911639608437         -5.485001342650     h 
         -6.698924286731          3.349516901577         -3.036107566678     h 
         -0.781984647829          1.180586602682         -7.410445144978     h 
$end
