   28
          1          1          1
         15          2         16
         53         17         69
         10         70         79
         10         80         89
          9         90         98
         10         99        108
          1        109        109
          5        110        114
          5        115        119
         10        120        129
          6        130        135
          5        136        140
          8        141        148
          2        149        150
          1        151        151
          2        152        153
          2        154        155
          1        156        156
          1        157        157
          3        158        160
          2        161        162
          1        163        163
          1        164        164
          2        165        166
          2        167        168
          3        169        171
          1        172        172
