# indices of neighbouring atoms (max seven)
7 14 87 98
6 14 65 76
4 5 6 7 8 9 10 11 12 13
6 13 21
7 12 33
2 4 9
1 5 8
7 10 18
6 11 15
8 12 19
9 13 16
5 10 20
4 11 17
1 2 114 115 117 118
9
11
13
8
10
12
4 22 45 46
21 23 24
22 25 26
22 27 28
23 29 30
23
24 29 31
24
25 27 32
25
27
29
5 34 55 56
33 35 36
34 37 38
34 39 40
35 41 42
35
36 41 43
36
37 39 44
37
39
41
21
21 47 51
46 48 49 50
47
47
47
46 52 53 54
51
51
51
33
33 57 61
56 58 59 60
57
57
57
56 62 63 64
61
61
61
2 68 69
67 70 71
66 68 72
65 67 73
65 70 74
66 69 75
66
67
68
69
70
2 79 80
78 81 82
77 79 83
76 78 84
76 81 85
77 80 86
77
78
79
80
81
1 90 91
89 92 93
88 90 94
87 89 95
87 92 96
88 91 97
88
89
90
91
92
1 101 102
100 103 104
99 101 105
98 100 106
98 103 107
99 102 108
99
100
101
102
103
110 111 112 113
109 114 115 116
109 117 118 119
109
109
110 117 120
110 118 121
110
111 114 122
111 115 123
111
114
115
117
118
