   -0.00271880
    0.01334438
    0.19366591
   -0.02282552
   -0.02163021
   -0.03340390
   -0.03281832
   -0.04307699
   -0.04397534
   -0.04282044
   -0.04288724
   -0.04362706
   -0.04483397
    0.26092601
    0.04456328
    0.04777174
    0.04600869
    0.04133920
    0.04806656
    0.04267889
    0.01474122
   -0.01031084
   -0.03359435
   -0.03464460
   -0.03177680
    0.04972466
   -0.03168615
    0.04102128
   -0.03061111
    0.06001178
    0.05731346
    0.06321623
    0.01271860
   -0.01158978
   -0.03313806
   -0.03830629
   -0.03267002
    0.04798757
   -0.03297134
    0.04982652
   -0.03177202
    0.05902788
    0.05344613
    0.06092306
    0.02459842
   -0.21519288
   -0.03191932
    0.04926356
    0.05399038
    0.05319675
   -0.03387225
    0.05264337
    0.04775748
    0.02898581
    0.04535638
   -0.20405002
   -0.03579626
    0.05661069
    0.05444400
    0.04956379
   -0.03430812
    0.05441129
    0.05068074
    0.05386055
   -0.02861339
   -0.03487558
   -0.03491780
   -0.03460932
   -0.03919049
   -0.03724253
    0.05596678
    0.05668082
    0.05340529
    0.02571676
    0.04683796
   -0.01857208
   -0.03140475
   -0.03226807
   -0.03446101
   -0.03256203
   -0.03363435
    0.06197766
    0.05897372
    0.04453676
    0.05134914
    0.05632809
   -0.02404761
   -0.03122796
   -0.03408819
   -0.03673329
   -0.03211102
   -0.03174203
    0.06113320
    0.04952535
    0.02324052
    0.05296019
    0.06034034
   -0.02259503
   -0.03264258
   -0.03130472
   -0.02908083
   -0.03584105
   -0.03395034
    0.05848275
    0.05542502
    0.05594032
    0.03434132
    0.05407978
   -0.04899857
   -0.02840746
   -0.02870269
    0.05599910
    0.05671140
   -0.04900998
   -0.04964516
    0.04510911
   -0.04946927
   -0.04988928
    0.04429025
    0.03862383
    0.03656313
    0.04097962
    0.03546202
