           3           4  0.277179489258030     
           3           5  0.275929930909023     
           2           6   1.00624047085551     
           3           6  0.257557824190340     
           4           6   1.21048636051372     
           1           7   1.00357361023031     
           3           7  0.256866060754641     
           5           7   1.21229813256524     
           3           8  0.266152805458764     
           7           8   1.25449346937953     
           3           9  0.258262989945254     
           6           9   1.26208886527347     
           3          10  0.259328812442092     
           8          10   1.32657283009660     
           3          11  0.271135812854249     
           9          11   1.31834091662601     
           3          12  0.263661632599749     
           5          12   1.29031500643764     
          10          12   1.29676650219812     
           3          13  0.254777896871527     
           4          13   1.30092346587717     
          11          13   1.29193992387917     
           1          14  0.881372564751495     
           2          14  0.894155178074102     
           9          15  0.956852574591167     
          11          16  0.968525429215906     
          13          17  0.967867094898698     
           8          18  0.958461952450949     
          10          19  0.972120351095376     
          12          20  0.956775150354872     
           4          21  0.994537869574331     
          21          22  0.985338397007835     
          22          23   1.40746367615776     
          22          24   1.41814902768661     
          23          25   1.44635676155452     
          24          25  0.109888089727567     
          23          26  0.965939177133912     
          23          27  0.111363473142106     
          24          27   1.44085379365215     
          24          28  0.962598501293951     
          22          29  0.110086860158512     
          25          29   1.43663594101826     
          27          29   1.44123304453304     
          25          30  0.970446735220465     
          27          31  0.970676445966283     
          29          32  0.970650144644939     
           5          33  0.999165442448723     
          33          34  0.978918012446102     
          34          35   1.41623685248473     
          34          36   1.40410376183536     
          35          37   1.43885819115437     
          36          37  0.110204407033238     
          35          38  0.961542487645362     
          35          39  0.109176385783653     
          36          39   1.44491804809338     
          36          40  0.962025159543684     
          34          41  0.109485828483504     
          37          41   1.44187830086768     
          39          41   1.43545743187805     
          37          42  0.970622923925224     
          39          43  0.970354956143552     
          41          44  0.970656102435139     
          21          45  0.915951879605808     
          21          46  0.966545328758768     
          46          47   1.01040079733309     
          47          48  0.974790852922024     
          47          49  0.980371172604651     
          47          50  0.972845906596959     
          46          51   1.01051007682715     
          51          52  0.973376862448362     
          51          53  0.979479751615262     
          51          54  0.929050647146907     
          33          55  0.945107103270412     
          33          56  0.966763225040427     
          56          57   1.01581843898320     
          57          58  0.973443648007574     
          57          59  0.978833445291782     
          57          60  0.980403013835041     
          56          61   1.01364373212672     
          61          62  0.978011154610281     
          61          63  0.971625565628249     
          61          64  0.979216263288939     
           2          65  0.958794938445642     
          65          66  0.107328480987052     
          66          67   1.42849094420442     
          65          68   1.38969587897173     
          67          68   1.45110212169066     
          65          69   1.40241391133638     
          67          69  0.106542528042686     
          66          70   1.43814007467457     
          68          70  0.110628148327380     
          69          70   1.43822503969430     
          66          71  0.969973908027448     
          67          72  0.968426688210766     
          68          73  0.960178529992113     
          69          74  0.914901370291423     
          70          75  0.968377720446835     
           2          76  0.946755265268474     
          76          77  0.106629068960277     
          77          78   1.43456758833842     
          76          79   1.39772411985649     
          78          79   1.44607840530003     
          76          80   1.39321682056952     
          78          80  0.108166503923035     
          77          81   1.43716496480276     
          79          81  0.108447385162004     
          80          81   1.44269544216941     
          77          82  0.970007298771396     
          78          83  0.969093489494068     
          79          84  0.955013610065470     
          80          85  0.953049866919676     
          81          86  0.968390741119479     
           1          87  0.949420960120731     
          87          88  0.107589750946510     
          88          89   1.42746147579258     
          87          90   1.38406329814049     
          89          90   1.45087032023640     
          87          91   1.40789182562861     
          89          91  0.106918359855777     
          88          92   1.44337668394439     
          90          92  0.108583890543703     
          91          92   1.43617654548508     
          88          93  0.969861572856576     
          89          94  0.968386856311798     
          90          95  0.928152489264861     
          91          96  0.955497051163827     
          92          97  0.968612278011253     
           1          98  0.974627943520089     
          98          99  0.103707853245471     
          99         100   1.43667139015216     
          98         101   1.37170305998818     
         100         101   1.43662913329020     
          98         102   1.40383603845843     
         100         102  0.105159690687004     
          99         103   1.43460102505088     
         101         103  0.106559878773309     
         102         103   1.43865074780970     
          99         104  0.970234629602244     
         100         105  0.967605705973403     
         101         106  0.956228070064790     
         102         107  0.941935568039310     
         103         108  0.969575417671312     
         109         110  0.976448618721401     
         109         111  0.976069821381102     
         109         112  0.975354392352440     
         109         113  0.975336677415324     
          14         114  0.422982236902002     
         110         114  0.972472481089768     
          14         115  0.458863674008975     
         110         115  0.966709763907007     
         110         116  0.971315672878630     
          14         117  0.418714195452624     
         111         117  0.963134281834459     
         114         117   1.51895631954581     
          14         118  0.480142693681496     
         111         118  0.971550428374513     
         115         118   1.47790198230680     
         111         119  0.970831517399959     
         114         120  0.935783259899981     
         115         121  0.935139731922420     
         117         122  0.935764656420771     
         118         123  0.930654241325830     
