$coord
          2.280948406211          2.409553553378         -0.045220427083     p 
          5.007438033335          3.301860523258         -1.892726541197     c 
          5.300678587360          5.738522112231         -2.757050901242     c 
          7.398369481712          6.377819715080         -4.177026116164     c 
          9.198645018495          4.571177866751         -4.723461855296     c 
          8.909712944959          2.132937580311         -3.844714320113     c 
          6.810479971872          1.506612586867         -2.421609549511     c 
          0.639721209109          5.230332241601          0.909734036568     c 
          0.685482829704          5.877155300475          3.428926537395     c 
         -0.483855029598          8.070441156334          4.236356249700     c 
         -1.689908431817          9.608698550085          2.509586608654     c 
         -1.732571111238          8.956547440266         -0.015417140374     c 
         -0.565486697973          6.760175195170         -0.815007866929     c 
         -2.416234238032         -0.985801895569          1.409612957858     p 
         -0.607836369991         -1.937495449067          4.297581910644     c 
         -2.128915130631         -1.576281991974          6.702648735322     c 
          3.414522394632          0.788514668790          2.794395017087     c 
          2.048232532328         -0.888361370819          4.512424264225     c 
          3.779741086758         -1.544337857035          6.558141752350     c 
          6.167227618398         -0.286819996385          6.113330015919     c 
          5.937342114814          1.154887464552          3.799727465235     c 
          3.897970761253          7.141391387075         -2.307212375301     h 
          6.556711003795         -0.382858028707         -1.716330825894     h 
          1.645720521513          4.668098403170          4.757103552976     h 
         -0.589909735728          6.241338810931         -2.781489271100     h 
         -0.400252261029         -3.975987786777          3.966101683394     h 
         -4.119489064024         -2.036825403835          6.415375398973     h 
         -1.991335677009          0.367502178949          7.369361374674     h 
         -1.422119780242         -2.768136632326          8.232306115535     h 
          0.045173835701         -0.705883628295         -2.288037126917     rh
          7.385741236878          2.366705902102          2.970676312319     h 
         -7.374450725831          6.075400969044          1.240566915706     c 
         -6.694561089605          4.859859108458         -0.977885850575     c 
         -5.162388153263          2.735561109145         -0.818809772174     c 
         -4.285355040200          1.881870039729          1.477644702458     c 
         -4.974530723599          3.116796352889          3.658365300693     c 
         -6.539487430922          5.221686549418          3.572717764554     c 
         -4.659591524587          1.742756703113         -2.520421638110     h 
         -4.319632179773          2.459654569813          5.458993516086     h 
         -7.879753321033         -7.463967717736         -0.101906988596     c 
         -8.834226037982         -5.069116388713          0.375364739596     c 
         -7.142541274922         -3.116722550587          0.837941591632     c 
         -4.580887052289         -3.560766642731          0.840155292387     c 
         -3.662160587362         -5.949261557460          0.392320036012     c 
         -5.302432443904         -7.942287372288         -0.081724824872     c 
         -7.840748502496         -1.238313995579          1.185409353758     h 
         -1.656090711834         -6.268719596908          0.377798436199     h 
          5.273105180483         -2.698735242894          3.083345676834     fe
          5.178573751828         -4.751369335674         -0.313591420954     c 
          3.933859796999         -6.162403939844          1.679399032755     c 
          5.750236927981         -6.582626378541          3.688177174885     c 
          8.123465851121         -5.434970135338          2.937170690592     c 
          7.772643546512         -4.309844316628          0.462231698316     c 
          4.348115078112         -4.251135316926         -2.134356114244     h 
          5.414144319807         -7.648652974431          5.422347971453     h 
          9.888044005141         -5.488617755608          4.005224210504     h 
          9.257571719541         -3.434990153205         -0.672031228628     h 
         10.835293563635          5.066941992934         -5.829454584462     h 
         -2.599472600353         11.320560032568          3.133314503726     h 
         -8.570308242270          7.715801994024          1.151884660350     h 
         -9.167222630844         -8.985218761668         -0.499227971739     h 
         -7.626866470982          5.761874065979         -3.472522536021     c 
         -6.202774435168          5.489055451665         -4.936588894995     h 
         -9.322755510696          4.736019376570         -4.033855968036     h 
         -8.086431888060          7.769186042499         -3.414764842314     h 
         -7.250170597656          6.577554419289          5.932478628995     c 
         -9.144311786943          7.375754471573          5.787878920950     h 
         -7.230032005721          5.308466143084          7.555540851850     h 
         -5.938092540107          8.119252219190          6.314444980119     h 
        -11.604132172649         -4.584696703143          0.305851779610     c 
        -12.222597386365         -4.145148348022         -1.609586466924     h 
        -12.662426086865         -6.229287942759          0.954268927769     h 
        -12.112582217724         -2.998080072829          1.517932232953     h 
         -4.317173457718        -10.517219538496         -0.638571951675     c 
         -5.477812238379        -11.962989381479          0.259292072377     h 
         -4.310574610292        -10.875623576682         -2.667042704367     h 
         -2.389874213227        -10.745751927435          0.052011838528     h 
          7.826153982505         -0.364654007997          7.337166541132     h 
          3.337466328013         -2.769234400775          8.156335297741     h 
          2.024960894578         -6.932341104189          1.618107629379     h 
         -0.446373767081          8.578491934820          6.207678657053     h 
         -2.677045536121         10.156001127108         -1.362670692236     h 
         10.317521913546          0.722285946112         -4.261903003920     h 
          7.629009042641          8.285024394283         -4.852173869867     h 
         -1.170536865851         -1.850314090027         -8.970848488652     c 
         -2.544448410538         -0.199738220422         -6.866331647736     c 
          0.910460111986         -2.788277477759         -7.012535831377     c 
         -0.387313080120         -0.718129924744        -10.512269362633     h 
         -2.348672549535         -3.381652169256         -9.704554814014     h 
         -2.932404291711         -2.269750936954         -4.815617845710     c 
         -0.249760488952          1.376585381806         -5.914064069382     c 
         -4.236659935463          0.861254212624         -7.467043876942     h 
         -0.854162344391         -3.826637078472         -4.896428850703     c 
          1.829464551632         -0.178083563908         -6.012441582618     c 
          2.370896736946         -4.085576865491         -7.745058022712     h 
         -4.655606373562         -2.606256853138         -3.731279553093     h 
         -0.228348600807          3.406343458145         -5.550459000449     h 
         -0.617387137913         -5.608438332176         -3.879759120413     h 
          3.788802662458          0.396230253545         -5.718007529840     h 
$end
