# indices of neighbouring atoms (max seven)
2 8 17 30
1 3 7
2 4 22
3 5 84
4 6 58
5 7 83
2 6 23
1 9 13
8 10 24
9 11 81
10 12 59
11 13 82
8 12 25
15 30 35 43
14 16 18 26
15 27 28 29
1 18 21
15 17 19
18 20 79
19 21 78
17 20 31
3
7
9
13
15
16
16
16
1 14 90 91 93 94
21
33 37 60
32 34 62
33 35 38
14 34 36
35 37 39
32 36 66
34
36
41 45 61
40 42 70
41 43 46
14 42 44
43 45 47
40 44 74
42
44
17 18 19 20 21 49 50 51 52 53
50 53 54
49 51 80
50 52 55
51 53 56
49 52 57
49
51
52
53
5
11
32
40
33 63 64 65
62
62
62
37 67 68 69
66
66
66
41 71 72 73
70
70
70
45 75 76 77
74
74
74
20
19
50
10
12
6
4
86 87 88 89
85 90 91 92
85 93 94 95
85
85
86 93 96
86 94 97
86
87 90 98
87 91 99
87
90
91
93
94
