   -0.00095605
   -0.02794059
   -0.03661238
   -0.03509361
   -0.03285012
   -0.03416293
   -0.03497973
   -0.02565176
   -0.03616688
   -0.03388660
   -0.03157844
   -0.03267957
   -0.03490364
    0.00280706
   -0.03771754
   -0.07370533
   -0.03345732
   -0.02360938
   -0.04386001
   -0.04259759
   -0.04395081
    0.02437052
    0.04928158
    0.04442863
    0.04716077
    0.02897216
    0.04402134
    0.04790190
    0.04705187
    0.25972787
    0.04574147
   -0.03618923
   -0.00901800
   -0.03557950
   -0.02421309
   -0.03601645
   -0.00982034
    0.04420541
    0.02757472
   -0.03664550
   -0.00913896
   -0.03711356
   -0.02820547
   -0.03790909
   -0.01012021
    0.04434405
    0.03525515
    0.19501583
   -0.03971892
   -0.03950785
   -0.03966633
   -0.04098890
   -0.04048923
    0.05279251
    0.04944549
    0.04944093
    0.04476828
    0.06242423
    0.06283981
    0.05635054
    0.05713087
   -0.07650154
    0.05755444
    0.05216278
    0.05796751
   -0.07533317
    0.05518826
    0.04996914
    0.04569473
   -0.07640918
    0.05211275
    0.05675503
    0.05860454
   -0.07625425
    0.05660437
    0.04948022
    0.05796679
    0.05098894
    0.04482593
    0.05521261
    0.05331696
    0.06053312
    0.05929643
    0.05418637
   -0.04907468
   -0.02856908
   -0.02838930
    0.05698564
    0.05786991
   -0.04894919
   -0.04908456
    0.04838044
   -0.04917357
   -0.04840999
    0.04679146
    0.03694527
    0.03799973
    0.03932764
    0.03707534
