           1           2  0.960131990365869     
           2           3   1.39684028120840     
           3           4   1.44224633345910     
           2           5  0.105816606102422     
           4           5   1.43707615970659     
           3           6  0.106459970735492     
           5           6   1.43057913806948     
           2           7   1.38870374203785     
           4           7  0.109746203304348     
           6           7   1.45055166815823     
           1           8  0.971133426095579     
           8           9   1.38528885644731     
           9          10   1.44989831237325     
           8          11  0.104793348006232     
          10          11   1.43313996574163     
           9          12  0.107930374202284     
          11          12   1.43545997350178     
           8          13   1.38888686008832     
          10          13  0.107319532774609     
          12          13   1.44697435689539     
          14          15  0.933054976379423     
          15          16  0.997983984275649     
           1          17   1.00900907642247     
          15          18  0.992298630596703     
          17          18   1.20032667632350     
          18          19   1.27756667639826     
          19          20   1.29577368067340     
          17          21   1.23713046050276     
          20          21   1.31776206316071     
           3          22  0.921856703691624     
           7          23  0.964111829526701     
           9          24  0.955556819600176     
          13          25  0.959819459562863     
          15          26  0.922141812173141     
          16          27  0.980259063947405     
          16          28  0.977168839577385     
          16          29  0.977927749382991     
           1          30  0.898702225891716     
          14          30  0.900184003526014     
          21          31  0.961893660742232     
          32          33   1.40936888665981     
          33          34   1.41039222972997     
          14          35  0.987061585202452     
          32          35  0.102321839526857     
          34          35   1.38728871997345     
          35          36   1.38489031740693     
          32          37   1.40997983154855     
          36          37   1.41245983157050     
          34          38  0.956940697532030     
          36          39  0.896893897132886     
          40          41   1.41597575967894     
          41          42   1.40417109190961     
          14          43  0.980805784906296     
          40          43  0.100630948810204     
          42          43   1.39296428242781     
          43          44   1.37460537277840     
          40          45   1.40238317599255     
          44          45   1.41952026042417     
          42          46  0.957077445623774     
          44          47  0.953179438562834     
          17          48  0.290040349306342     
          18          48  0.314952991654332     
          19          48  0.298193707321075     
          20          48  0.286820926596681     
          21          48  0.304968388170425     
          48          49  0.318035766418552     
          48          50  0.305014581750727     
          49          50   1.29310449875195     
          48          51  0.305123901950584     
          50          51   1.30950735549153     
          48          52  0.301044066295113     
          51          52   1.29335338813288     
          48          53  0.292628943466769     
          49          53   1.29843440726326     
          52          53   1.31300880799997     
          49          54  0.963439242795797     
          51          55  0.961523404569471     
          52          56  0.962029657047670     
          53          57  0.964131410153044     
           5          58  0.969738756089481     
          11          59  0.969953071661979     
          32          60  0.967431310755659     
          40          61  0.967493276926322     
          33          62   1.02790564543007     
          62          63  0.971884557238515     
          62          64  0.984709467612328     
          62          65  0.966577618383670     
          37          66   1.02669828670728     
          66          67  0.972344216734575     
          66          68  0.967607943088826     
          66          69  0.984365148595037     
          41          70   1.02781404997982     
          70          71  0.984093100412545     
          70          72  0.965176323887035     
          70          73  0.974203180263469     
          45          74   1.02762668714990     
          74          75  0.972472139774866     
          74          76  0.984865932368432     
          74          77  0.966513273843387     
          20          78  0.966083381156760     
          19          79  0.963212993255442     
          50          80  0.961163854166940     
          10          81  0.968555132217125     
          12          82  0.968574157196863     
           6          83  0.967893369169112     
           4          84  0.968615032788539     
          85          86  0.976060372053378     
          85          87  0.975966476757781     
          85          88  0.975512751061457     
          85          89  0.975503572867725     
          30          90  0.423839296203625     
          86          90  0.966490055102105     
          30          91  0.447874367638984     
          86          91  0.968782697840068     
          86          92  0.971092942398388     
          30          93  0.435300940597189     
          87          93  0.967224661269562     
          90          93   1.52419155426890     
          30          94  0.435543125181903     
          87          94  0.966989214034172     
          91          94   1.51218106888043     
          87          95  0.970938915102312     
          90          96  0.937621143292366     
          91          97  0.934789628445414     
          93          98  0.935645662012994     
          94          99  0.934745731370667     
