$coord
          0.215685367319         -8.190829584212         -0.934515976745     c 
          0.200820950432         -6.212405838074          0.965583930421     c 
         -2.399616623549         -5.718832817192          1.655481275594     c 
         -3.999901668110         -7.385417007526          0.180377584819     c 
         -2.383346970541         -8.913649166066         -1.421587595431     c 
          1.884272840069         -9.072087686648         -1.767956708873     h 
          1.851829775338         -5.337282353932          1.833696338917     h 
         -3.013951495951         -4.451777346404          3.159107216172     h 
         -6.050439438384         -7.553464044732          0.332626696204     h 
         -3.007665491522        -10.403407575564         -2.705326987596     h 
         -1.841390010221         -5.078857141367         -2.229862365779     fe
         -0.777893392660         -4.218191235957         -5.957916487190     c 
         -0.126551641505         -2.130094561320         -4.275834612583     c 
         -2.467831612417         -1.266038681065         -3.059578069927     c 
         -4.511728792730         -2.812630413484         -4.058121511306     c 
         -3.473620137041         -4.629821765017         -5.818577119319     c 
          0.532621839230         -5.196194250108         -7.213450370675     h 
         -6.518171604350         -2.603818451307         -3.635724052277     h 
         -4.547820309777         -6.007795415661         -6.915829641281     h 
          2.428599163161         -0.856799895370         -4.313783845511     c 
          3.840413363945         -2.273290974181         -4.861314628675     h 
         -2.979862652261          1.228979101256         -0.662851904105     p 
          2.529510708567          1.279535535030         -6.227161051667     c 
          4.382301451691          2.179418634126         -6.283312418413     h 
          2.111417188259          0.591161053481         -8.126562327716     h 
          1.141447274019          2.733062794308         -5.802681072501     h 
          3.381403487746          0.050880797863         -1.045610321955     p 
          0.343741366173          0.510930373123          2.201446326700     rh
          5.712091501815         -2.267377246331         -0.071422003848     c 
          5.556136641057         -4.717738728796         -0.929712745215     c 
          7.346922901222         -6.479875958200         -0.214222241145     c 
          9.312406842085         -5.774387781516          1.346604029243     c 
          9.496635242036         -3.309047638593          2.174604005282     c 
          7.699781198270         -1.555068857078          1.452624678921     c 
          7.212103017427         -8.399308521874         -0.880404379243     h 
         10.712470299650         -7.144055793138          1.904913095472     h 
         11.043617760143         -2.748022231908          3.374076396442     h 
          7.860316722604          0.381545384622          2.058647794125     h 
          5.126310904592          2.970496253751         -1.401760987991     c 
          7.399036840888          2.888642511396         -2.667263920600     c 
          8.802274008713          5.071415237873         -2.982432714701     c 
          7.923939597102          7.330087781928         -2.019514191899     c 
          5.651315717346          7.407720001990         -0.743203542609     c 
          4.253299615898          5.222553857851         -0.440869232741     c 
         10.580270895616          5.005121337225         -3.972674625512     h 
          9.017364709700          9.031720035929         -2.257071649111     h 
          4.974142308194          9.166662740383          0.027333877121     h 
          2.502302866529          5.256508486400          0.587376936605     h 
          8.074126238720          1.109417167132         -3.397897458783     h 
          4.029312352349         -5.249421495550         -2.164645407477     h 
         -2.224559596911          4.343841280897         -2.063972532569     c 
         -3.869771268894          4.824509667517         -4.401682666031     c 
         -2.289360680578          6.620234671838         -0.253845027468     c 
         -0.261932985934          4.115271360867         -2.677291936921     h 
         -3.043134477850          7.257188671335         -5.781752224765     c 
         -5.848274305098          4.997467868706         -3.813124225141     h 
         -3.813272582801          3.180877538653         -5.669313715030     h 
         -1.417242186673          9.039729278427         -1.623350056085     c 
         -1.156126317484          6.254897151287          1.441273604047     h 
         -4.207397099225          6.915496505084          0.444036345968     h 
         -3.057511772142          9.544034629530         -3.976736880946     c 
         -4.255807281288          7.612963803282         -7.428418669767     h 
         -1.134780685965          6.999711446217         -6.546387213048     h 
         -1.444937730506         10.668562002645         -0.336920110664     h 
          0.558765286513          8.826516321015         -2.206562603805     h 
         -5.004107684257          9.934702526711         -3.382968355632     h 
         -2.423926832003         11.259603127504         -4.959256950686     h 
         -6.435893847177          1.062109926455          0.098620327903     c 
         -7.041442647403         -1.398336396390          1.507771645932     c 
         -7.542281722007          3.337498925218          1.530285532489     c 
         -7.343132991391          0.998733099756         -1.764540718171     h 
         -9.902861421332         -1.734384620949          1.916021084315     c 
         -6.103882966362         -1.348467266148          3.348564130288     h 
         -6.236425264759         -3.023427127235          0.510967000169     h 
        -10.401742210162          3.023994083948          2.021332892309     c 
         -7.226433074241          5.075708289506          0.455745681513     h 
         -6.541460941084          3.569036892855          3.324857275235     h 
        -10.988219113573          0.524825283687          3.389398162347     c 
        -10.307579303956         -3.521994939087          2.890905076496     h 
        -10.847726244888         -1.876449839133          0.077260882488     h 
        -11.136713319654          4.636310033239          3.103411001448     h 
        -11.415560628021          3.067653424299          0.214216168699     h 
        -10.159484938752          0.569855346959          5.288451959746     h 
        -13.032139303945          0.302906257159          3.679228654308     h 
          1.560214715954          1.758342604518          8.875530785469     c 
          0.962713863404         -0.729440004281          7.294978948264     c 
          1.421118964371          3.471496171434          6.407601546786     c 
          3.432933782151          1.738504683667          9.749596021568     h 
          0.100083463337          2.211226317246         10.266311463195     h 
         -1.504134273646          0.134098286083          5.953639219115     c 
          3.048919109260         -0.505428981774          5.236664576819     c 
          0.880465382243         -2.520930450980          8.360549700492     h 
         -1.230829197574          2.660832867988          5.412990697295     c 
          3.340541409508          2.021305735435          4.715642420651     c 
          1.748455721056          5.515591911489          6.664829785203     h 
         -3.246201829043         -0.960478406801          5.835279224394     h 
          4.244184281653         -2.046575629119          4.564187438818     h 
         -2.710879805946          3.930313133448          4.739766053817     h 
          4.829991096178          2.869961281594          3.570408266788     h 
$end
