   -0.04109890
   -0.03946468
   -0.03958159
   -0.04102535
   -0.04190681
    0.04682502
    0.05564388
    0.05106129
    0.04212990
    0.03812451
    0.19178501
   -0.04504245
   -0.02754314
   -0.03687224
   -0.04529263
   -0.04360362
    0.04387701
    0.03799786
    0.05083566
   -0.04017195
    0.02324571
   -0.01565130
   -0.07430743
    0.05030545
    0.04430346
    0.04922244
    0.00381623
    0.25575843
   -0.02587629
   -0.03740335
   -0.03603244
   -0.03414248
   -0.03452730
   -0.03358456
    0.05243055
    0.05854107
    0.05783836
    0.04937502
   -0.02312219
   -0.03393099
   -0.03140140
   -0.02968318
   -0.03078410
   -0.03232583
    0.06150038
    0.06672538
    0.06367509
    0.05418851
    0.03957274
    0.03178790
   -0.03839111
   -0.04921208
   -0.05125010
    0.03801295
   -0.05142584
    0.02904514
    0.02989894
   -0.05126939
    0.04365216
    0.04745953
   -0.05064670
    0.04853210
    0.04819053
    0.04782115
    0.04877231
    0.04471539
    0.05239760
   -0.03992368
   -0.05007496
   -0.04853642
    0.02654234
   -0.05130726
    0.03921935
    0.03025903
   -0.05141405
    0.02709897
    0.03934136
   -0.05129653
    0.05037287
    0.04581106
    0.04792466
    0.04428690
    0.05045731
    0.05417633
   -0.04898474
   -0.02846051
   -0.02860786
    0.05894639
    0.05813236
   -0.04953467
   -0.04799897
    0.04776738
   -0.04991434
   -0.04916069
    0.04773747
    0.03061875
    0.03442233
    0.03046159
    0.03914502
