# indices of neighbouring atoms (max seven)
2 5 6
1 3 7
2 4 8
3 5 9
1 4 10
1
2
3
4
5
1 2 3 4 5 12 13 14 15 16
13 16 17
12 14 20
13 15 22
14 16 18
12 15 19
12
15
16
13 21 23 27
20
14 28 51 68
20 24 25 26
23
23
23
20 28 29 39
22 27 90 91 93 94
27 30 34
29 31 50
30 32 35
31 33 36
32 34 37
29 33 38
31
32
33
34
27 40 44
39 41 49
40 42 45
41 43 46
42 44 47
39 43 48
41
42
43
44
40
30
22 52 53 54
51 55 56 57
51 58 59 60
51
52 61 62 63
52
52
53 61 64 65
53
53
55 58 66 67
55
55
58
58
61
61
22 69 70 71
68 72 73 74
68 75 76 77
68
69 78 79 80
69
69
70 78 81 82
70
70
72 75 83 84
72
72
75
75
78
78
86 87 88 89
85 90 91 92
85 93 94 95
85
85
86 93 96
86 94 97
86
87 90 98
87 91 99
87
90
91
93
94
