           1           2   1.31399030906535     
           2           3   1.29094087423394     
           3           4   1.30231251313889     
           1           5   1.29656284520399     
           4           5   1.31237569725568     
           1           6  0.960855054060930     
           2           7  0.964581548913198     
           3           8  0.964969523187829     
           4           9  0.963774420528180     
           5          10  0.959900318786027     
           1          11  0.286128669628938     
           2          11  0.298409488684769     
           3          11  0.303956777078999     
           4          11  0.284746905538007     
           5          11  0.285950579815381     
          11          12  0.287235358866135     
          11          13  0.305083384430241     
          12          13   1.27827715169475     
          11          14  0.296313818562379     
          13          14   1.20837046285129     
          11          15  0.289037758930975     
          14          15   1.22486667596634     
          11          16  0.263880409609683     
          12          16   1.29692108442540     
          15          16   1.33606602802897     
          12          17  0.965086635505964     
          15          18  0.959009675142522     
          16          19  0.969865021802819     
          13          20  0.992165184727007     
          20          21  0.909087844396888     
          14          22   1.01362210188868     
          20          23  0.997162309259531     
          23          24  0.972704103080229     
          23          25  0.980320680626336     
          23          26  0.978738913214711     
          20          27  0.947270468571792     
          22          28  0.868757991672292     
          27          28  0.896788143777745     
          27          29  0.978830777429603     
          29          30   1.37234487926166     
          30          31   1.45424917813325     
          29          32  0.105797694489796     
          31          32   1.42614116985302     
          30          33  0.109228256702620     
          32          33   1.44247701375146     
          29          34   1.39714488059626     
          31          34  0.106713677999048     
          33          34   1.43771579068238     
          31          35  0.967911312108762     
          32          36  0.969699862524355     
          33          37  0.968331968899226     
          34          38  0.956103315538847     
          27          39  0.967356556979193     
          39          40   1.37232203646106     
          40          41   1.45346458496017     
          39          42  0.104683764074303     
          41          42   1.42661727814763     
          40          43  0.107979445352473     
          42          43   1.44196258419460     
          39          44   1.39827064494296     
          41          44  0.105342199386918     
          43          44   1.43867577236210     
          41          45  0.968404087747353     
          42          46  0.969557410951363     
          43          47  0.968287190215319     
          44          48  0.958159636460475     
          40          49  0.953555788901460     
          30          50  0.941061749615361     
          22          51  0.938824645220251     
          51          52  0.989435055436474     
          51          53  0.992549926691307     
          51          54  0.938158769975734     
          52          55   1.00401851743424     
          52          56  0.938514179186333     
          52          57  0.961147422708345     
          53          58   1.00270613622591     
          53          59  0.964142411793518     
          53          60  0.961509774998764     
          55          61   1.00952441522576     
          58          61   1.00935654727894     
          55          62  0.975295207627896     
          55          63  0.975313259454642     
          58          64  0.975602209342125     
          58          65  0.976280518988122     
          61          66  0.975152184172132     
          61          67  0.976407341926773     
          22          68  0.935809622607277     
          68          69  0.988838637644177     
          68          70  0.991923367156301     
          68          71  0.932940054657465     
          69          72   1.00194568433013     
          69          73  0.969472110837413     
          69          74  0.960293892612505     
          70          75  0.999973469701027     
          70          76  0.951219650677612     
          70          77  0.971141310478240     
          72          78   1.00955780695664     
          75          78   1.00944791698235     
          72          79  0.975521237069952     
          72          80  0.976687463115007     
          75          81  0.975061484524542     
          75          82  0.975411808874229     
          78          83  0.976830981221056     
          78          84  0.976010014046941     
          85          86  0.974944942606522     
          85          87  0.975029234763293     
          85          88  0.975463021204444     
          85          89  0.975350781255027     
          28          90  0.423822896622280     
          86          90  0.967968841829354     
          28          91  0.453413585714095     
          86          91  0.969660697179456     
          86          92  0.971173967265935     
          28          93  0.422229403529493     
          87          93  0.968172565400364     
          90          93   1.53093800822522     
          28          94  0.458434112169517     
          87          94  0.967507694506871     
          91          94   1.49607334485775     
          87          95  0.970965952720647     
          90          96  0.934680527947931     
          91          97  0.928879852082301     
          93          98  0.931469063195792     
          94          99  0.934712254006715     
