$coord
          1.956947291915          1.166652851825          0.210798236871     p 
         -3.081693193506         -1.987287702045          0.847642426661     p 
         -0.835490012931         -4.512907903866          1.786060604154     c 
         -2.242361977724         -6.673870289513          3.040247820929     c 
          2.562330791009         -1.020382035880          2.839284576590     c 
          1.235319409417         -3.376043706035          3.389841125826     c 
          2.230323715535         -4.347151775192          5.777635446769     c 
          4.147978113421         -2.609478849488          6.672970741600     c 
          4.356283405300         -0.568220214149          4.858126473726     c 
          0.010617062797         -5.179271197519          0.015796924645     h 
         -3.191666159653         -6.045134181881          4.757410050273     h 
         -0.962416070562         -8.208330788061          3.556195830297     h 
         -3.689730195889         -7.456267724165          1.795021053815     h 
         -1.775392214888          0.916357503344         -2.239141788519     rh
          5.585622878995          1.080497803704          5.011799416702     h 
         -4.969183209233          3.336374872193          7.365300199408     c 
         -3.835993510379          1.035040746271          7.905751708038     c 
         -3.304089242421         -0.599264643949          5.924557346436     c 
         -3.859742439991          0.058769057839          3.472084589198     c 
         -4.968172168812          2.355612060125          2.966630882249     c 
         -5.552853575945          4.023808094853          4.904369148440     c 
         -2.395867410478         -2.371172926819          6.322821661687     h 
         -5.371564236150          2.885235958174          1.046766248232     h 
        -10.117627232508         -5.635223150934         -2.453246535764     c 
        -10.368541784656         -4.002716860698         -0.415942106242     c 
         -8.203558616068         -2.905230917708          0.582453593905     c 
         -5.871348094965         -3.449105429058         -0.426840436983     c 
         -5.639638381286         -5.091376359596         -2.427989934035     c 
         -7.770662979925         -6.218458739894         -3.468144571254     c 
         -8.348970178537         -1.611737213727          2.146040837809     h 
         -3.796969328198         -5.493042773418         -3.195804229947     h 
          5.130602720722         -4.045568627231          3.116203941757     fe
          8.121918337912         -4.274016280669          0.549074042978     c 
          6.147573120772         -6.046129102562         -0.139823897951     c 
          5.796829613200         -7.779973586356          1.951552655910     c 
          7.557687122270         -7.079692862086          3.933423068293     c 
          8.993329880426         -4.909867951809          3.067317851867     c 
          8.814547158168         -2.726968095719         -0.623128220022     h 
          4.476280083917         -9.364087042780          2.004972651886     h 
          7.797658976691         -8.047778494110          5.739307678867     h 
         10.497322775170         -3.954985705735          4.107963404739     h 
         -5.388712288960          4.621591923092          8.882100941752     h 
        -11.782922655066         -6.468352141398         -3.267004387339     h 
         -3.200334330882          0.308135354116         10.547435761695     c 
         -4.454974811843         -1.182726287029         11.217667843286     h 
         -1.263320015868         -0.384677372002         10.672838175813     h 
         -3.377700553686          1.909845387158         11.831396816825     h 
         -6.672284651839          6.537236446819          4.323861492083     c 
         -7.652058776864          7.315173150864          5.961036276767     h 
         -5.208845197354          7.875171986415          3.762123812539     h 
         -8.034700257906          6.401423543975          2.783741362393     h 
        -12.906130823913         -3.371504935794          0.619891961911     c 
        -14.202862460681         -4.961763899492          0.430470167029     h 
        -12.794258203574         -2.891959905269          2.620852430431     h 
        -13.722471033619         -1.762567407186         -0.375497498513     h 
         -7.549639103351         -7.943909078973         -5.678001474969     c 
         -5.698140068037         -8.846714863749         -5.735870546667     h 
         -8.969236511032         -9.435534952125         -5.598859725000     h 
         -7.809299212895         -6.910879031915         -7.441934684797     h 
          5.216348361039         -2.784796744667          8.429038896721     h 
          1.604546801199         -6.057575159976          6.743154469827     h 
          5.132834322662         -6.083046711418         -1.933193087133     h 
          1.745063140468          4.298422265348          1.605949084056     c 
          0.752545966922          4.338694144189          3.975615261888     c 
          2.467186652541          6.588285308783          0.414158932491     c 
          0.425252458127          6.616583089001          5.292760692136     c 
          0.166171104367          2.587478671136          4.834850570676     h 
          2.104106195720          8.894444660944          1.731766327979     c 
          3.497819363591          6.702316343866         -2.049070600842     c 
          1.078914866826          8.845307883411          4.196045123519     c 
         -0.361354151915          6.591947898328          7.170281891932     h 
          2.771043757436         11.192992673003          0.545269961525     c 
          4.115987656008          8.945629512878         -3.141211107786     c 
          3.801934305907          4.973907310189         -3.062127352940     h 
          0.820765397024         10.599186971300          5.192819673506     h 
          3.748725324100         11.212986726981         -1.832860813218     c 
          2.492876225256         12.937504946452          1.553386810499     h 
          4.899012206798          8.982640796583         -5.020739913314     h 
          4.250130407342         12.978504791192         -2.715260373622     h 
          4.718648133331          0.789832117125         -1.753977927925     c 
          6.809775179115          2.161426019138         -1.161944874200     c 
          4.767691716571         -0.973023564731         -3.762919386596     c 
          9.014052856693          1.965336613671         -2.624540059790     c 
          6.754166713437          3.428921766782          0.433422270451     h 
          6.987481002868         -1.156614252850         -5.252565237592     c 
          2.742163592782         -2.635319224602         -4.292924030976     c 
          9.094317223495          0.366820606766         -4.637699064204     c 
         10.639013472915          3.097509087409         -2.152190492464     h 
          7.052060848193         -2.910524542570         -7.266097616704     c 
          2.873315604113         -4.316953512515         -6.231741178372     c 
          1.124868106010         -2.629019198784         -3.071322403196     h 
         10.780596050367          0.216756590788         -5.764683051195     h 
          5.040035931060         -4.441185079457         -7.743714931930     c 
          8.729982178939         -3.033360045177         -8.408909621891     h 
          1.312954059288         -5.572612265312         -6.600425537938     h 
          5.120484392697         -5.776761247072         -9.278764847719     h 
         -4.897078599523          4.602972529470         -7.134726945939     c 
         -2.888703884592          2.364203077623         -7.135173541093     c 
         -5.030821365226          4.609794402541         -4.131166530852     c 
         -6.688292438530          4.090796839229         -8.029522863662     h 
         -4.154629821395          6.363821430082         -7.921941281642     h 
         -0.871571314686          3.528815758069         -5.335060753933     c 
         -4.345451950260          0.415062786523         -5.475988412276     c 
         -2.220980446136          1.703524678668         -8.998077961438     h 
         -2.164100034835          4.875868831552         -3.526223480956     c 
         -5.635772896024          1.767444195920         -3.671427747859     c 
         -6.312374238833          6.001762462922         -3.253401728563     h 
          1.172882451903          3.426654736827         -5.597484080098     h 
         -4.523627371290         -1.608454207386         -5.846122064845     h 
         -1.342567622615          6.074339153576         -2.063263840173     h 
         -7.051143679530          1.001187076142         -2.379421322073     h 
$end
