   29
          1          1          1
          2          2          3
          7          4         10
          2         11         12
          3         13         15
          8         16         23
          6         24         29
          6         30         35
          2         36         37
          1         38         38
          1         39         39
          3         40         42
          1         43         43
          3         44         46
          1         47         47
          1         48         48
          2         49         50
          1         51         51
          1         52         52
         23         53         75
         35         76        110
         18        111        128
          2        129        130
          2        131        132
          3        133        135
          4        136        139
          5        140        144
          3        145        147
          1        148        148
