    0.00404038
    0.00297059
   -0.03912227
   -0.07368638
   -0.03389194
   -0.02631271
   -0.04658187
   -0.04405477
   -0.04399973
    0.02804161
    0.04314375
    0.04827046
    0.04549972
    0.25978751
    0.04531159
   -0.03827434
   -0.01112235
   -0.03593386
   -0.02627126
   -0.03810385
   -0.01121056
    0.04668292
    0.02925302
   -0.03657240
   -0.00910063
   -0.03638171
   -0.02659263
   -0.03771936
   -0.00999421
    0.04874195
    0.03430517
    0.19554059
   -0.03976076
   -0.04008692
   -0.04012164
   -0.04073181
   -0.04053175
    0.05300885
    0.05126148
    0.04696384
    0.04664763
    0.05238951
    0.05650450
   -0.07582597
    0.05687389
    0.05004336
    0.05192723
   -0.07512277
    0.05268566
    0.05172407
    0.04602721
   -0.07631707
    0.05267701
    0.05558051
    0.05830309
   -0.07601078
    0.05541618
    0.04825140
    0.05710502
    0.04811150
    0.04148584
    0.05238306
   -0.02778717
   -0.03357554
   -0.00811313
   -0.03382196
    0.05077449
   -0.00252224
   -0.03690557
   -0.03534637
    0.05093056
   -0.03326698
   -0.03199539
    0.04680868
    0.05717941
   -0.03071156
    0.06055264
    0.05719198
    0.06303116
   -0.02950552
   -0.03581568
   -0.01135043
   -0.03564029
    0.05111097
   -0.00441828
   -0.03887894
   -0.03636239
    0.05790636
   -0.03438278
   -0.03576416
    0.01637198
    0.05965752
   -0.03253053
    0.06057704
    0.04531337
    0.05981249
   -0.04901647
   -0.02856436
   -0.02885803
    0.05521357
    0.05553532
   -0.04878107
   -0.04908320
    0.04690054
   -0.04975980
   -0.04966453
    0.04261683
    0.03569721
    0.03414667
    0.04025127
    0.03731846
