# indices of neighbouring atoms (max seven)
5 14 63 80
3 14 19 27
2 4 6 10
3 11 12 13
1 6 9
3 5 7
6 8 61
7 9 60
5 8 15
3
4
4
4
1 2 102 103 105 106
9
17 21 42
16 18 44
17 19 22
2 18 20
19 21 23
16 20 48
18
20
25 29 43
24 26 52
25 27 30
2 26 28
27 29 31
24 28 56
26
28
5 6 7 8 9 33 34 35 36 37
34 37 38
33 35 62
34 36 39
35 37 40
33 36 41
33
35
36
37
16
24
17 45 46 47
44
44
44
21 49 50 51
48
48
48
25 53 54 55
52
52
52
29 57 58 59
56
56
56
8
7
34
1 64 65
63 66 67
63 68 69
64 70 71
64
65 70 72
65 73 74
66 68 75
66
68 76 77
69 76 78
69
70
72 73 79
72
73
76
1 81 82
80 83 84
80 85 86
81 87 88
81
82 87 89
82 90 91
83 85 92
83
85 93 94
86 93 95
86
87
89 90 96
89
90
93
98 99 100 101
97 102 103 104
97 105 106 107
97
97
98 105 108
98 106 109
98
99 102 110
99 103 111
99
102
103
105
106
