           2           3  0.939795863425066     
           3           4  0.997489617361796     
           1           5   1.00197788478989     
           3           6  0.989120393920694     
           5           6   1.20392015276151     
           6           7   1.27686455829743     
           7           8   1.29339780546798     
           5           9   1.23121535888061     
           8           9   1.32106929231435     
           3          10  0.920364425872843     
           4          11  0.980040070217332     
           4          12  0.977274574851759     
           4          13  0.976983470803067     
           1          14  0.869312040287451     
           2          14  0.902841576343504     
           9          15  0.960387532383437     
          16          17   1.40487133077192     
          17          18   1.41365699706530     
           2          19  0.984188650999636     
          16          19  0.101258135172146     
          18          19   1.38519000037534     
          17          20  0.100556276254603     
          19          20   1.38819437794063     
          16          21   1.41540256712315     
          20          21   1.40604598766428     
          18          22  0.953788713167136     
          20          23  0.909506548615098     
          24          25   1.41857847364235     
          25          26   1.40124994623225     
           2          27  0.976742127193350     
          24          27  0.100535984866264     
          26          27   1.39585859499023     
          27          28   1.37183378352188     
          24          29   1.40017592949957     
          28          29   1.42154992274720     
          26          30  0.957583035509344     
          28          31  0.951574429925013     
           5          32  0.297014552469921     
           6          32  0.314956487855497     
           7          32  0.299596832174859     
           8          32  0.286466481493089     
           9          32  0.306659435497423     
          32          33  0.319056335646374     
          32          34  0.293517308026818     
          33          34   1.29663270369998     
          32          35  0.302876483776091     
          34          35   1.31611751079574     
          32          36  0.303885771845236     
          35          36   1.29043761569671     
          32          37  0.295502108259295     
          33          37   1.29548393289757     
          36          37   1.31183412810767     
          33          38  0.962112771749275     
          35          39  0.960548938535237     
          36          40  0.958196669447737     
          37          41  0.964532371241259     
          16          42  0.967243635630128     
          24          43  0.967513494336092     
          17          44   1.02767904052752     
          44          45  0.969093807110967     
          44          46  0.985069275194529     
          44          47  0.969613408588239     
          21          48   1.02673799278524     
          48          49  0.964046724893078     
          48          50  0.979805647072090     
          48          51  0.981060985481190     
          25          52   1.02783007707582     
          52          53  0.984089145409055     
          52          54  0.965135116045506     
          52          55  0.974122818049209     
          29          56   1.02738633081246     
          56          57  0.969113966086024     
          56          58  0.985373311120824     
          56          59  0.969835551940644     
           8          60  0.965826895987940     
           7          61  0.963600675635010     
          34          62  0.962558961138388     
           1          63  0.976426099390683     
          63          64   1.48850066030027     
          63          65   1.23333341062834     
          64          66   1.33051002960772     
          64          67  0.952287534051836     
          65          68   1.25073167150314     
          65          69   1.28582267713701     
          63          70  0.108584808627246     
          66          70   1.54722217000474     
          68          70   1.27787766817471     
          66          71  0.968202224525766     
          68          72   1.27895461687710     
          69          72  0.117040942385347     
          69          73   1.54803171070449     
          69          74  0.940996817067546     
          70          75  0.966928176259150     
          72          76   1.55585224535917     
          73          76   1.32306633690497     
          72          77  0.966932616682008     
          73          78  0.970370894482910     
          76          79  0.969622968502045     
           1          80  0.951292570966530     
          80          81   1.49415502487893     
          80          82   1.24551530369141     
          81          83   1.33382576103362     
          81          84  0.958298940374700     
          82          85   1.24718127199144     
          82          86   1.27859423918916     
          80          87  0.111561147881422     
          83          87   1.54166964293567     
          85          87   1.28011626083542     
          83          88  0.967796788176044     
          85          89   1.27725474813814     
          86          89  0.116364812510381     
          86          90   1.54893013895955     
          86          91  0.853647580547928     
          87          92  0.966619348080320     
          89          93   1.55841882737567     
          90          93   1.31778144089706     
          89          94  0.966605638487123     
          90          95  0.969775123461643     
          93          96  0.969369026100039     
          97          98  0.976701235508052     
          97          99  0.976383402074937     
          97         100  0.975643302348346     
          97         101  0.975584704811005     
          14         102  0.412277864763878     
          98         102  0.966838489527000     
          14         103  0.470196227790852     
          98         103  0.968950279242722     
          98         104  0.971323883139358     
          14         105  0.417539829992885     
          99         105  0.968712028477365     
         102         105   1.53578356773434     
          14         106  0.452587215082911     
          99         106  0.967295757586644     
         103         106   1.48776189858869     
          99         107  0.971130473236737     
         102         108  0.937844588995076     
         103         109  0.933131666756987     
         105         110  0.932260119104980     
         106         111  0.935793618219748     
