$coord
          1.999703429622          0.672637774533          0.678933127058     p 
          5.196858706854          0.092669169873         -0.393118875894     c 
          6.149077262693          1.699714769679         -2.207393437881     c 
          8.562358276695          1.382399520909         -3.162057866016     c 
         10.055015092863         -0.626403432188         -2.266566626276     c 
          9.106922788217         -2.211327124677         -0.354249919772     c 
          6.685388334336         -1.819864166877          0.545023496852     c 
          1.687709405351          4.053810409767          0.683170288534     c 
          2.645125290909          5.373364294792          2.708982346483     c 
          2.686152098259          7.989163252215          2.697200012147     c 
          1.743741031502          9.294206975749          0.579358855859     c 
          0.794882690726          7.927036737935         -1.495273169335     c 
          0.761630592176          5.315119924654         -1.395131349560     c 
         -3.869911286437         -0.902794085483          0.694110342912     p 
         -3.347562131827         -2.336436678893          3.842592288263     c 
         -5.565841618175         -1.714802585243          5.554930991933     c 
          1.473390406270         -0.647245143338          3.845270382556     c 
         -0.792704079159         -1.757197929669          5.003383145753     c 
         -0.066980368544         -2.642385850254          7.514739462727     c 
          2.578092106603         -2.089352256558          7.903222979763     c 
          3.516630964263         -0.848815681724          5.658421406657     c 
          5.009648677647          3.246904710342         -2.875838624472     h 
          5.973584277034         -3.015824897880          2.018915186000     h 
          3.403030408374          4.354725582312          4.300014930158     h 
          0.014805113319          4.262831256581         -2.965510469970     h 
         -3.382482695307         -4.368226834237          3.438485066989     h 
         -5.457228542852         -2.742239502317          7.341384784940     h 
         -7.361894144129         -2.199073006274          4.660127401922     h 
         -5.629725879566          0.294121057658          6.005248558678     h 
         -0.580453736240         -1.451918127774         -2.226171139516     rh
          5.436004621211         -0.146899437818          5.379952665766     h 
        -11.085105158147         -4.721877167964         -2.082658426592     c 
         -8.948878278519         -6.163977772590         -1.606351000797     c 
         -6.774187976445         -4.948268906340         -0.779674443494     c 
         -6.744350714730         -2.370810006273         -0.436187385301     c 
         -8.898464458393         -0.975451981818         -0.855504460452     c 
        -11.094185283963         -2.126984175397         -1.713827439410     c 
         -5.108442793819         -6.041433652308         -0.373637227533     h 
         -8.902254908875          1.021964367479         -0.484590243730     h 
         -5.182646131846          7.557200535412          1.430022544809     c 
         -5.803188966775          6.360712478083         -0.819815949952     c 
         -5.329494878332          3.788955347968         -1.043996983355     c 
         -4.294912318606          2.460766975890          0.937209494603     c 
         -3.622029923773          3.684040452721          3.127722572017     c 
         -4.055037945886          6.256086859628          3.407051075286     c 
         -5.791588313527          2.825253096288         -2.776211722703     h 
         -2.705564664665          2.656083495538          4.623387114556     h 
          2.065162482983         -4.458075473236          4.705521905647     fe
          4.575869403005         -7.332306533164          3.665129722694     c 
          3.154677314365         -6.527883819497          1.460935183987     c 
          0.501644399270         -6.933489412225          1.970783783869     c 
          0.269168167959         -7.992666308828          4.487735596953     c 
          2.790196464980         -8.239850755492          5.538354653033     c 
          6.630732027487         -7.358210663285          3.847676503711     h 
         -1.030870070645         -6.616846862051          0.631292032277     h 
         -1.486208421919         -8.575259096734          5.401884403158     h 
          3.263827751782         -9.033707822403          7.383207134789     h 
        -12.777478506918         -5.638379416379         -2.734987315781     h 
         -5.585048377929          9.536632246442          1.647303196664     h 
         -8.964036919878         -8.943554750822         -2.036142033012     c 
         -7.599718218806         -9.892561316032         -0.817706636525     h 
        -10.820018835088         -9.746100656517         -1.639062278867     h 
         -8.485153282664         -9.383568667520         -3.991410735034     h 
        -13.430272881907         -0.621664476285         -2.148805609107     c 
        -14.636007944483         -0.643964971397         -0.478031421645     h 
        -12.980873491427          1.342172889100         -2.582447927940     h 
        -14.516703101528         -1.377368648456         -3.728368673665     h 
         -7.058854093617          7.761107503750         -2.910481700593     c 
         -6.753793574199          9.792044081788         -2.743249107870     h 
         -6.332850693357          7.161863309659         -4.743743899350     h 
         -9.091824885484          7.425452993766         -2.893437529421     h 
         -3.411751215084          7.549669268857          5.818738152883     c 
         -4.953876701920          7.375995142535          7.174128842762     h 
         -1.723322483850          6.729890433878          6.669173932379     h 
         -3.053757042205          9.555356960728          5.519036247136     h 
          3.665285917048         -2.497706130834          9.607658667721     h 
         -1.303231871490         -3.606887787279          8.853047600723     h 
          3.940782266041         -5.895636131265         -0.338091855081     h 
          1.804641109106         11.973125647916          0.524577789870     o 
         12.502736675986         -1.043205940104         -3.274304030751     o 
          9.572163330488          3.109582695598         -5.123764856789     c 
          9.143191527542          5.073954185597         -4.671093648469     h 
         11.620600371036          2.928993452402         -5.266192065774     h 
          8.760936969211          2.682732925636         -6.969283175925     h 
         10.699891069204         -4.283190884468          0.657185835045     c 
         12.666178938793         -4.029741577331          0.093131461658     h 
         10.638215906519         -4.325131871124          2.716692445552     h 
         10.063307073702         -6.112907742294         -0.045103211162     h 
         12.515439995475         -2.679156924090         -5.384118839309     c 
         11.764508570531         -4.519411505513         -4.841430152724     h 
         11.363276074448         -1.877877380823         -6.892486037665     h 
         14.456585433206         -2.894837073120         -6.041679422695     h 
         -0.503190257268         13.119537631303          1.221554276539     c 
         -0.882005198976         12.748764548008          3.211273604047     h 
         -0.345979387512         15.152569723801          0.924466932876     h 
         -2.038454586087         12.375327319621          0.068657399224     h 
         -0.109033385146          9.290123040057         -3.770517479530     c 
          0.406950544322          8.282595479821         -5.492776701894     h 
         -2.156553931475          9.500039000731         -3.741664582299     h 
          0.725241944826         11.172365888134         -3.868336880160     h 
          3.732439879786          9.425623630917          4.863825076686     c 
          2.445724327988          9.381446013761          6.472256722823     h 
          5.541287179838          8.642400525109          5.465278752908     h 
          4.040564241366         11.397031205196          4.346658732652     h 
         -0.357353767242         -2.952139656190         -8.929167098564     c 
          0.509808191493         -4.379976597634         -6.427571851821     c 
         -1.360472616114         -0.596756093601         -7.350807539991     c 
         -1.853092202035         -3.942129269878         -9.955767067731     h 
          1.214506013921         -2.481750727913        -10.185830378652     h 
          2.186308939655         -2.275850691694         -5.232547939985     c 
         -2.015701393329         -4.280485097942         -4.921964799848     c 
          1.387112745548         -6.256580391039         -6.675157719929     h 
          1.064597098900          0.000658037535         -5.795416902646     c 
         -3.139705846015         -2.003183856011         -5.473550855908     c 
         -2.194138075208          0.975810413131         -8.438678025772     h 
          4.043306297591         -2.540747649285         -4.369227063914     h 
         -2.857898285728         -5.844942127899         -3.872508131774     h 
          1.908300129526          1.863651652945         -5.529227501008     h 
         -5.039534605285         -1.417524420267         -4.916462283735     h 
$end
