   21
         14          1         14
         20         15         34
         10         35         44
          6         45         50
          1         51         51
          1         52         52
          1         53         53
          2         54         55
          1         56         56
          2         57         58
          2         59         60
          2         61         62
          1         63         63
          2         64         65
          1         66         66
          1         67         67
          1         68         68
          1         69         69
          1         70         70
          1         71         71
          1         72         72
