# indices of neighbouring atoms (max seven)
2 8 17 30
1 3 7
2 4 22
3 5 81
4 6 80
5 7 85
2 6 23
1 9 13
8 10 24
9 11 101
10 12 79
11 13 97
8 12 25
15 30 35 43
14 16 18 26
15 27 28 29
1 18 21
15 17 19
18 20 77
19 21 76
17 20 31
3
7
9
13
15
16
16
16
1 14 110 111 113 114
21
33 37 58
32 34 60
33 35 38
14 34 36
35 37 39
32 36 64
34
36
41 45 59
40 42 68
41 43 46
14 42 44
43 45 47
40 44 72
42
44
17 18 19 20 21 49 50 51 52 53
50 53 54
49 51 78
50 52 55
51 53 56
49 52 57
49
51
52
53
32
40
33 61 62 63
60
60
60
37 65 66 67
64
64
64
41 69 70 71
68
68
68
45 73 74 75
72
72
72
20
19
50
11 93
5 89
4 82 83 84
81
81
81
6 86 87 88
85
85
85
80 90 91 92
89
89
89
79 94 95 96
93
93
93
12 98 99 100
97
97
97
10 102 103 104
101
101
101
106 107 108 109
105 110 111 112
105 113 114 115
105
105
106 113 116
106 114 117
106
107 110 118
107 111 119
107
110
111
113
114
