   -0.00014954
   -0.03010611
   -0.04085910
   -0.01526918
    0.09604111
   -0.01391830
   -0.03984115
   -0.02811471
   -0.04022212
   -0.01266276
    0.09824388
   -0.01278381
   -0.03938346
    0.00323500
   -0.03742182
   -0.07348904
   -0.03391585
   -0.02350505
   -0.04409865
   -0.04312223
   -0.04447241
    0.02296767
    0.04537629
    0.04183900
    0.04220067
    0.02999496
    0.04340082
    0.04729163
    0.04728471
    0.26048590
    0.04166979
   -0.03644348
   -0.00951609
   -0.03635739
   -0.02535772
   -0.03628339
   -0.01036581
    0.04324804
    0.02819952
   -0.03696293
   -0.00974153
   -0.03732517
   -0.02898503
   -0.03787103
   -0.01105385
    0.04243111
    0.03265712
    0.19484017
   -0.03983196
   -0.03999672
   -0.03917645
   -0.04066689
   -0.04022098
    0.05185645
    0.04535334
    0.05355077
    0.04493406
    0.05471280
    0.05537176
   -0.07610101
    0.05602697
    0.05091140
    0.05621854
   -0.07461982
    0.05249646
    0.04574047
    0.04301670
   -0.07599205
    0.05119379
    0.05454537
    0.05691646
   -0.07519566
    0.05397396
    0.04350990
    0.05477769
    0.04827995
    0.04396365
    0.05235961
   -0.36986640
   -0.37103885
   -0.07254842
    0.04690728
    0.08230719
    0.04352706
   -0.07358474
    0.08474464
    0.05272825
    0.05066645
    0.01913151
    0.05596881
    0.07464925
    0.05640197
    0.01874231
    0.05610905
    0.07544993
    0.05726943
   -0.07346624
    0.08295764
    0.05206448
    0.05186272
   -0.07264941
    0.05237466
    0.04833338
    0.08300922
   -0.04906065
   -0.02898081
   -0.02838780
    0.05497762
    0.05615882
   -0.04896106
   -0.04943330
    0.04579837
   -0.04926108
   -0.04843105
    0.04556865
    0.03309413
    0.03785562
    0.04060997
    0.03668412
