           1           2  0.968118249171525     
           2           3   1.36899043495987     
           3           4   1.44392261991218     
           4           5   1.31125997884186     
           5           6   1.34541922344826     
           2           7   1.39042990685287     
           6           7   1.41952387251215     
           1           8  0.974364684065407     
           8           9   1.37771276700046     
           9          10   1.42562087493904     
          10          11   1.35119292739299     
          11          12   1.36448736560306     
           8          13   1.38896639352255     
          12          13   1.41537759793632     
          14          15  0.933921865099550     
          15          16  0.998130128703948     
           1          17   1.00512808601452     
          15          18  0.992155429790431     
          17          18   1.20235891809200     
          18          19   1.27729681656283     
          19          20   1.29622780971677     
          17          21   1.24037014245012     
          20          21   1.31619880380895     
           3          22  0.912753912616469     
           7          23  0.961420895441850     
           9          24  0.953055406593746     
          13          25  0.957286280158889     
          15          26  0.921607408054470     
          16          27  0.980375473974236     
          16          28  0.977332387506832     
          16          29  0.978133695194139     
           1          30  0.894407020661678     
          14          30  0.900455648076736     
          21          31  0.962373649172772     
          32          33   1.40992318566649     
          33          34   1.41060785089798     
          14          35  0.987108955259906     
          32          35  0.102359153792491     
          34          35   1.38742194423822     
          35          36   1.38532654461528     
          32          37   1.40984568733305     
          34          37  0.100048835043486     
          36          37   1.41280082435114     
          34          38  0.957245359669140     
          36          39  0.901074297265460     
          40          41   1.41719302634787     
          41          42   1.40362769775438     
          14          43  0.980117607214817     
          40          43  0.100560675155936     
          42          43   1.39436065079490     
          43          44   1.37443408271390     
          40          45   1.40143871581993     
          44          45   1.42077023786701     
          42          46  0.957272663960507     
          44          47  0.953401423422039     
          17          48  0.288960159176571     
          18          48  0.313860204089638     
          19          48  0.297866428515217     
          20          48  0.287557602896752     
          21          48  0.303672624932411     
          48          49  0.316855768375176     
          48          50  0.305217274815706     
          49          50   1.29318823118313     
          48          51  0.305197829964235     
          50          51   1.30813607752267     
          48          52  0.299493926496231     
          51          52   1.29441043214261     
          48          53  0.291053870128103     
          49          53   1.29899058144731     
          52          53   1.31376945468438     
          49          54  0.963888172639202     
          51          55  0.960487730529030     
          52          56  0.961299798017387     
          53          57  0.964311703782235     
          32          58  0.967620849139513     
          40          59  0.967505415227757     
          33          60   1.02745145728747     
          60          61  0.971660965357032     
          60          62  0.984903932637931     
          60          63  0.967461419416300     
          37          64   1.02663757366116     
          64          65  0.970465637799351     
          64          66  0.969258292090392     
          64          67  0.984038609442471     
          41          68   1.02748101216428     
          68          69  0.983142394295289     
          68          70  0.964429485789342     
          68          71  0.976571283406124     
          45          72   1.02731748648073     
          72          73  0.972190722428611     
          72          74  0.985009164525612     
          72          75  0.967247381108837     
          20          76  0.966275512786129     
          19          77  0.963478548392888     
          50          78  0.961284909483382     
          11          79   1.01520374751244     
           5          80   1.07069535187784     
           4          81   1.02989350447382     
          81          82  0.967244285581840     
          81          83  0.966942589191687     
          81          84  0.984978707715320     
           6          85   1.02267540010217     
          85          86  0.971224856695725     
          85          87  0.968160566614886     
          85          88  0.981803972840322     
          80          89  0.973171326350101     
          89          90  0.974278284759901     
          89          91  0.977302429316649     
          89          92  0.979646532337978     
          79          93  0.967359677726079     
          93          94  0.976712652694434     
          93          95  0.979194874219939     
          93          96  0.979582616504942     
          12          97   1.02690613025433     
          97          98  0.978242468234590     
          97          99  0.963971993697412     
          97         100  0.978698726241104     
          10         101   1.02894297933598     
         101         102  0.963148659545076     
         101         103  0.983475321714577     
         101         104  0.972805882374255     
         105         106  0.976400394171787     
         105         107  0.976245562656102     
         105         108  0.975687396827537     
         105         109  0.975645108504631     
          30         110  0.424208436459200     
         106         110  0.966945433822673     
          30         111  0.449395823685816     
         106         111  0.968155849816932     
         106         112  0.971190286732984     
          30         113  0.434637030298364     
         107         113  0.967117121226656     
         110         113   1.52471744742842     
          30         114  0.437914615216790     
         107         114  0.967219499487452     
         111         114   1.51071050289918     
         107         115  0.971011027955555     
         110         116  0.937325051387489     
         111         117  0.935445332013882     
         113         118  0.935465596851024     
         114         119  0.935247151705997     
