$coord
         -7.107589373927          1.351619770850         -3.570415504627     c 
         -8.773014876527         -0.297429355902         -2.153434782326     c 
        -10.053058876339          1.216412133431         -0.265639817554     c 
         -9.163408595638          3.795245364852         -0.496039331320     c 
         -7.355878972766          3.879900358341         -2.549637423195     c 
         -6.006605083522          0.825039820683         -5.233713113258     h 
         -9.105691782750         -2.299426799632         -2.522313494915     h 
        -11.507264152469          0.551387061870          1.037094728334     h 
         -9.829702366840          5.410149105991          0.600941435768     h 
         -6.525554676140          5.588145834725         -3.349529088797     h 
         -6.080578601771          1.373268184653          0.290620780832     fe
         -5.307336566390          2.341187271161          4.044203597108     c 
         -2.894228839879          1.970148785872          2.741996785727     c 
         -2.880853255486         -0.620422879471          1.779278111081     c 
         -5.255378326915         -1.800338992647          2.501945900699     c 
         -6.734406929353          0.011711257207          3.922806612476     c 
         -5.822851507451          4.006939363759          5.145396291594     h 
         -5.786780631314         -3.764950377875          2.171466108351     h 
         -8.551393540040         -0.348182685703          4.832529857764     h 
         -0.611466249324          3.596197641599          3.380626921119     c 
         -1.353717060518          5.496526079749          3.750002129910     h 
         -0.137232392223         -2.436199914373          0.656086502092     p 
          0.632975528276          2.631243623923          5.796238880522     c 
          2.145177782394          1.301138003171          5.367759281077     h 
          1.420819408793          4.152627552817          6.942757264362     h 
         -0.737710968910          1.655604093796          6.992276663778     h 
          1.727062348824          4.147722464302          0.760883813866     p 
          3.125261729312          0.195128170474         -0.911784236156     rh
          1.139316281467         -3.819315682046          3.644034296372     c 
         -0.514777165028         -5.982676331557          4.649492129159     c 
          3.923512689491         -4.632550328221          3.550432426178     c 
          0.986525029250         -2.262438111948          4.997491804731     h 
          0.381335467817         -6.845161126349          7.285902514972     c 
         -0.420731172008         -7.579650680001          3.335290225623     h 
         -2.506974200668         -5.408675278488          4.695757802782     h 
          4.850164727411         -5.459355978940          6.185276915905     c 
          5.107820202062         -3.110391947114          2.788059415289     h 
          4.116687514501         -6.225446738584          2.245017859233     h 
          3.191704595923         -7.609074462119          7.239452078685     c 
         -0.793960817213         -8.407128417423          7.985072886163     h 
          0.111140965884         -5.300911085068          8.641186950664     h 
          6.845167463734         -6.029823513013          6.118935084248     h 
          4.779726026587         -3.840370549936          7.477012373132     h 
          3.423684996971         -9.295904329676          6.057830445511     h 
          3.831904570125         -8.168798848802          9.133606855669     h 
         -1.582857220849         -5.028757438859         -1.254359428257     c 
         -3.139341356618         -3.944526301262         -3.445310686631     c 
          0.175133234939         -7.141502527527         -2.193305280541     c 
         -2.913126599771         -5.901813903530          0.074348541734     h 
         -4.677966679823         -6.030673988712         -4.778442053992     c 
         -1.885590641215         -3.022172604129         -4.807285342911     h 
         -4.374172964651         -2.439910010872         -2.740716952954     h 
         -1.361734510852         -9.260067321109         -3.471944646866     c 
          1.335183863532         -7.883722558108         -0.645032319038     h 
          1.497590406285         -6.367408830644         -3.578647826250     h 
         -2.950683283518         -8.199993329267         -5.671791531254     c 
         -5.750942549194         -5.242978425226         -6.371566747218     h 
         -6.100172652544         -6.778026919373         -3.469687515295     h 
         -0.114070956110        -10.784213924272         -4.127861633359     h 
         -2.618613178692        -10.135115697337         -2.075976473554     h 
         -1.684616691579         -7.499985105747         -7.155865470296     h 
         -4.066707555990         -9.707177902543         -6.562678103364     h 
          4.406632560893          6.152082741424          2.117100616531     c 
         -0.133850703071          5.749734340058         -1.870336513893     c 
          5.870344030467          4.543981273118          4.040737979557     c 
          6.118691685089          2.611352443603          3.375395466162     h 
          7.742413005616          5.337761228818          4.384713273205     h 
          4.934252401927          4.472888271692          5.868122661960     h 
          3.201827942493          8.432563767007          3.409790333394     c 
          1.867106395313          7.865525079630          4.870121522985     h 
          4.641090290048          9.603742321240          4.309260993944     h 
          2.200157090462          9.613413101311          2.052813650005     h 
          6.290843414927          7.090683380461          0.131765530325     c 
          5.409033437491          8.245972082398         -1.313852592041     h 
          7.730556401271          8.267117842328          1.021489517142     h 
          7.280064199660          5.541311470187         -0.778140155720     h 
         -1.092092483528          3.632916734177         -3.578914816748     c 
         -2.394993557924          4.363521895858         -5.000011279018     h 
          0.464121279512          2.727282554810         -4.582266569429     h 
         -2.069565486053          2.185841407471         -2.487470927228     h 
          1.410139891877          7.612136847868         -3.440222701558     c 
          0.280491855035          8.333051075929         -5.006196207864     h 
          1.975192188153          9.242131195887         -2.319073442045     h 
          3.074903874554          6.731153164631         -4.259822158269     h 
         -2.332229042873          7.187241562874         -0.672084257929     c 
         -3.399673762247          8.213719334614         -2.105895324943     h 
         -3.637182537473          5.918002537940          0.285959782928     h 
         -1.661573289449          8.571799330153          0.696754552529     h 
          8.142237284157         -1.580355855616         -5.374664029592     c 
          5.535737081937         -0.104663775802         -5.634594263178     c 
          7.722848881866         -1.988476060177         -2.425702483134     c 
          9.788923571281         -0.409438405951         -5.809613171964     h 
          8.188833538501         -3.348259495693         -6.444286509401     h 
          3.735423815453         -2.066097994838         -4.401718833496     c 
          5.916724662167          1.922673455394         -3.551750801423     c 
          5.027778329515          0.578851160006         -7.539066633551     h 
          5.057185784967         -3.210781646400         -2.481591464267     c 
          7.225470999264          0.790466285532         -1.612708900605     c 
          9.214807290094         -3.022759266526         -1.398024025447     h 
          1.895267354648         -2.615103145589         -5.147074219138     h 
          5.512466100490          3.927871283622         -3.772121559985     h 
          4.484771301964         -4.872697127424         -1.410979637523     h 
          8.091164826697          1.717036476208          0.013760110742     h 
$end
