   38
        216          1        216
         32        217        248
         18        249        266
         19        267        285
          1        286        286
          1        287        287
          3        288        290
          2        291        292
          1        293        293
          4        294        297
          2        298        299
          2        300        301
          1        302        302
          1        303        303
          4        304        307
          9        308        316
          3        317        319
          4        320        323
          1        324        324
          2        325        326
         17        327        343
          1        344        344
          2        345        346
          9        347        355
          3        356        358
          3        359        361
          1        362        362
          2        363        364
          1        365        365
          2        366        367
          1        368        368
         14        369        382
          1        383        383
          1        384        384
          4        385        388
          1        389        389
          4        390        393
          2        394        395
