   -0.04126571
   -0.03953365
   -0.03983249
   -0.04100753
   -0.04173774
    0.04500228
    0.05436541
    0.05003434
    0.04316321
    0.03854530
    0.19172328
   -0.04626746
   -0.02979981
   -0.03949944
   -0.04538433
   -0.04434202
    0.03957344
    0.03670620
    0.04915596
   -0.04141421
    0.02007118
   -0.01607541
   -0.07326207
    0.03854055
    0.03894866
    0.03943537
   -0.00679091
    0.25433809
   -0.03980998
   -0.04920839
   -0.05055496
    0.03501742
   -0.05145128
    0.03856281
    0.03435325
   -0.05106010
    0.02110159
    0.03750495
   -0.05130435
    0.04999160
    0.04672005
    0.04736204
    0.04316401
    0.04968051
    0.05325849
   -0.03831711
   -0.05131884
   -0.04872774
    0.02955083
   -0.05123845
    0.03878232
    0.03722413
   -0.05138116
    0.02691642
    0.03724559
   -0.05115154
    0.05039438
    0.04669800
    0.04608425
    0.04225894
    0.04914824
    0.05355275
   -0.01788977
   -0.01940416
   -0.07452703
    0.04423064
    0.04149074
    0.02325858
   -0.07452807
    0.04390227
    0.04999630
    0.04135436
   -0.07480660
    0.04186290
    0.04934793
    0.03561953
   -0.07417794
    0.03930513
    0.04905841
    0.02790315
   -0.07571674
    0.04791211
    0.04456839
    0.03183583
   -0.07519349
    0.05255017
    0.04150124
    0.04189893
   -0.04905714
   -0.02858848
   -0.02902446
    0.05774570
    0.05587547
   -0.04943741
   -0.05023351
    0.04688709
   -0.04963046
   -0.05006804
    0.04306022
    0.02838283
    0.03335287
    0.02573309
    0.03121027
