# indices of neighbouring atoms (max seven)
2 5 6
1 3 7
2 4 8
3 5 9
1 4 10
1
2
3
4
5
1 2 3 4 5 12 13 14 15 16
13 16 17
12 14 20
13 15 22
14 16 18
12 15 19
12
15
16
13 21 23 27
20
14 28 29 46
20 24 25 26
23
23
23
20 28 63 64
22 27 94 95 97 98
22 30 31 32
29 33 34 35
29 36 37 38
29
30 39 40 41
30
30
31 39 42 43
31
31
33 36 44 45
33
33
36
36
39
39
22 47 48 49
46 50 51 52
46 53 54 55
46
47 56 57 58
47
47
48 56 59 60
48
48
50 53 61 62
50
50
53
53
56
56
27 65 69 73
27 77 81 85
63 66 67 68
65
65
65
63 70 71 72
69
69
69
63 74 75 76
73
73
73
64 78 79 80
77
77
77
64 82 83 84
81
81
81
64 86 87 88
85
85
85
90 91 92 93
89 94 95 96
89 97 98 99
89
89
90 97 100
90 98 101
90
91 94 102
91 95 103
91
94
95
97
98
