           1           2   1.31564355549496     
           2           3   1.29662923939188     
           3           4   1.29631440839244     
           1           5   1.29316351104714     
           4           5   1.31895170591320     
           1           6  0.960558984787573     
           2           7  0.966284919653969     
           3           8  0.963357913760152     
           4           9  0.966415271712571     
           5          10  0.960008853731960     
           1          11  0.287307306702808     
           2          11  0.289333944428113     
           3          11  0.303729923030603     
           4          11  0.281568118722725     
           5          11  0.285099829547752     
          11          12  0.290217833913712     
          11          13  0.304359276490161     
          12          13   1.26831217058478     
          11          14  0.294014538156700     
          13          14   1.21227293858441     
          11          15  0.292229967095669     
          14          15   1.23428784287746     
          11          16  0.266459766755739     
          12          16   1.30078482141264     
          15          16   1.32915862708061     
          12          17  0.963076968046041     
          15          18  0.957444000519764     
          16          19  0.970840596099433     
          13          20  0.999944755996436     
          20          21  0.917838152085482     
          14          22   1.00632947236710     
          20          23  0.996628352024843     
          23          24  0.971113886155925     
          23          25  0.971173562513248     
          23          26  0.976185804694494     
          20          27  0.941713426349032     
          22          28  0.835765787305996     
          27          28  0.810559171487510     
          22          29  0.934809410807265     
          29          30  0.991237376119467     
          29          31  0.992027796391393     
          29          32  0.928953143543098     
          30          33  0.998982158896227     
          30          34  0.968947898817971     
          30          35  0.961983221361129     
          31          36   1.00412143172060     
          31          37  0.916474299277176     
          31          38  0.967372894197821     
          33          39   1.00978898736740     
          36          39   1.00780018844011     
          33          40  0.974946125565101     
          33          41  0.976606564856348     
          36          42  0.975623296495910     
          36          43  0.975785705094767     
          39          44  0.977003259129052     
          39          45  0.976095466060097     
          22          46  0.935050027975584     
          46          47  0.991192418117694     
          46          48  0.990963634912319     
          46          49  0.934734980548521     
          47          50   1.00108616653373     
          47          51  0.967656976439752     
          47          52  0.961631787330608     
          48          53   1.00013920546651     
          48          54  0.949651798023609     
          48          55  0.966524433336634     
          50          56   1.01023631213921     
          53          56   1.00935070098583     
          50          57  0.975550619358470     
          50          58  0.976802010632068     
          53          59  0.974493618786685     
          53          60  0.973569736671863     
          56          61  0.976692346217725     
          56          62  0.975981106419570     
          27          63  0.916348709096916     
          27          64  0.912850226886678     
          63          65  0.991262569049886     
          65          66  0.978222390223191     
          65          67  0.965526919448916     
          65          68  0.955025571643582     
          63          69  0.994125217460367     
          69          70  0.972722783183180     
          69          71  0.976532723730850     
          69          72  0.973821500910322     
          63          73  0.993048061830843     
          73          74  0.974333305555928     
          73          75  0.977697501991035     
          73          76  0.973195658388254     
          64          77  0.990962326886999     
          77          78  0.973397889963440     
          77          79  0.978065847187630     
          77          80  0.941070812301442     
          64          81  0.989045912151251     
          81          82  0.976821280417542     
          81          83  0.977997026512762     
          81          84  0.962090799436365     
          64          85  0.996633508069065     
          85          86  0.975413374396437     
          85          87  0.972530883837020     
          85          88  0.974343879950244     
          89          90  0.975497834427250     
          89          91  0.975754592572627     
          89          92  0.975200166698215     
          89          93  0.975330943766273     
          28          94  0.476905261836085     
          90          94  0.972966676026044     
          28          95  0.429304376356084     
          90          95  0.966889056390918     
          90          96  0.971353162701798     
          28          97  0.455863058114662     
          91          97  0.967548789357410     
          94          97   1.48059067998662     
          28          98  0.453237436328585     
          91          98  0.969535570405533     
          95          98   1.50983764353445     
          91          99  0.971148825440643     
          94         100  0.931603074301418     
          95         101  0.932455504119452     
          97         102  0.927875090508194     
          98         103  0.932835024509072     
