$coord
         -5.919597682070          7.344470476490          4.372445573908     c 
         -5.067773140516          7.563044074494          1.779428713925     c 
         -6.110460196457          5.461850050586          0.362354566596     c 
         -7.606530494716          3.943875350577          2.081937349500     c 
         -7.502195982118          5.116602092652          4.553727310202     c 
         -5.525660829606          8.678647739890          5.895763252185     h 
         -3.997791574793          9.141815562332          0.995925526732     h 
         -5.977946594304          5.198788378775         -1.679299257871     h 
         -8.692762884974          2.261313300764          1.591267564483     h 
         -8.501847292342          4.475203937146          6.240171568219     h 
         -3.821502889221          4.116385123767          3.340240919083     fe
         -1.174120809159          3.797032323347          6.274665584269     c 
          0.034346120806          2.998728475974          3.915565799445     c 
         -1.452402080354          0.900809199927          2.927849173829     c 
         -3.521423986171          0.404837665738          4.657649137833     c 
         -3.337369625067          2.180308861344          6.736752239505     c 
         -0.413438532487          5.190417830880          7.590645323270     h 
         -4.888575886462         -1.129685110997          4.480133194310     h 
         -4.549745219778          2.224665912893          8.405699356393     h 
          2.822603427630          3.409284192597          3.368214007155     c 
          3.334415758531          5.246341062917          4.177995192008     h 
         -0.465526409241         -1.146744096298          0.337424856654     p 
          4.333909531940          1.369622264948          4.720956763335     c 
          4.236815040578         -0.412727629490          3.697723554107     h 
          6.313392094740          1.869080324805          4.982130651079     h 
          3.565565018421          1.023582679649          6.604471929501     h 
          3.626313942893          3.758245505485         -0.094304941788     p 
          2.165550385517          0.519686150535         -2.835177260640     rh
          1.907346184528          6.712390376714         -1.217494300492     c 
          7.206006898142          3.905240814770         -0.401961886646     c 
          8.188695758960          5.755815114013          1.581286236676     c 
          7.677129759317          5.186856849253          3.489867377332     h 
         10.244906757331          5.884779258466          1.500806690938     h 
          7.430394080426          7.645088608494          1.267115586562     h 
          8.063445342871          4.790255202954         -3.022698161293     c 
          7.008372016968          3.867598419857         -4.520115895948     h 
          7.873687828536          6.822901238046         -3.252465647333     h 
         10.058677002674          4.363193687688         -3.314482357008     h 
          8.250610274145          1.243443818051          0.044063791781     c 
          7.935710262947          0.580883685365          1.960137971726     h 
          7.387180811965         -0.120684565130         -1.230535005227     h 
         10.286901811503          1.197261767446         -0.275538570573     h 
         -0.577879749028          5.806785504729         -2.364256877932     c 
         -0.263350017535          4.809745420089         -4.140586706617     h 
         -1.546795771799          4.522427962796         -1.079046532536     h 
         -1.826579884782          7.397003818153         -2.768492033652     h 
          3.377799573058          8.210026452573         -3.191415041909     c 
          5.048444351709          9.081055936720         -2.364748391305     h 
          3.935605799085          7.027250302479         -4.777570974611     h 
          2.218527222428          9.738138996940         -3.945479293649     h 
          1.418828637497          8.415356282316          1.061176151636     c 
          0.478568153514         10.155982888607          0.481940762723     h 
          0.211270462189          7.493068774535          2.448855202697     h 
          3.182376218320          8.943606010394          1.985315294916     h 
         -3.307031238833         -2.558261741066         -0.879342000448     c 
         -3.562783243747         -5.143565379775         -0.996286842711     c 
         -5.215550792186         -1.002896792088         -1.712664697837     c 
         -5.729959618635         -6.224034261979         -1.980599357198     c 
         -2.061556127525         -6.337438714581         -0.318042819716     h 
         -7.410034207819         -2.004516552922         -2.722714564870     c 
         -4.983059237466          1.013431427496         -1.586215064684     h 
         -7.694181208958         -4.646799939967         -2.836009515791     c 
          1.459756664525         -3.588051554596          1.751439601921     c 
          0.576554201705         -4.682020756334          3.939770701598     c 
          3.737090037467         -4.345034568379          0.741475866707     c 
          1.945839628294         -6.547408320985          5.158220863837     c 
         -1.200515714904         -4.068970856949          4.719256878687     h 
          5.169384498684         -6.195839890021          1.900902136838     c 
          4.428874641363         -3.499042799005         -0.970465257143     h 
          4.291077304607         -7.298226536983          4.155231974821     c 
         -9.944971777699         -5.718760655361         -3.819307339095     o 
          5.758416058543         -9.159584373297          5.405789299412     o 
          0.994201868765         -7.724194816686          7.516410746184     c 
          1.260553323096         -6.466319619063          9.126664886923     h 
         -1.014280998961         -8.161386354735          7.367622467564     h 
          1.994720866879         -9.483884146118          7.905704643091     h 
          7.457226966442         -8.146108589776          7.198781484299     c 
          8.778103818369         -6.871670819150          6.263054880136     h 
          6.410480002485         -7.119500398789          8.646186958979     h 
          8.498069575401         -9.695866880977          8.071763742456     h 
          7.624937790033         -6.998589936007          0.815639378004     c 
          7.492319545439         -7.224965477353         -1.228569413395     h 
          9.095261787515         -5.610917138427          1.214314187839     h 
          8.215755208567         -8.805408982427          1.612604588111     h 
         -6.015802692844         -9.008256500478         -2.118904988472     c 
         -4.288127014566         -9.896799154975         -2.806674255995     h 
         -6.450383750050         -9.796815278495         -0.265409005670     h 
         -7.542791200060         -9.519136948742         -3.405954843373     h 
        -11.842949902647         -6.083507274859         -1.977517927547     c 
        -13.493958871362         -6.917049116207         -2.886734709651     h 
        -11.151577849736         -7.353458508969         -0.509790565452     h 
        -12.359547189348         -4.273051845425         -1.141284096939     h 
         -9.459318488100         -0.342562291887         -3.667415412559     c 
        -10.673237127196          0.285554600740         -2.126132176390     h 
         -8.692102111115          1.326069573360         -4.602508663732     h 
        -10.633293033038         -1.346460984926         -5.032339727145     h 
          2.522689721021         -2.205698457073         -9.178842581784     c 
          3.747164137590         -2.905765625681         -6.523277688652     c 
          1.077279286340          0.150980285132         -7.995709934512     c 
          1.248970450847         -3.665159860611         -9.899270064628     h 
          3.919390591349         -1.673246909741        -10.606082827898     h 
          4.955974996356         -0.308199336835         -5.854455303314     c 
          1.308688689684         -3.037727859281         -4.887401069540     c 
          5.001806230109         -4.571820860367         -6.478137080947     h 
          3.346431888060          1.532311508624         -6.741112555555     c 
         -0.290519215811         -1.192879821404         -5.773757401064     c 
         -0.110266026548          1.271486202563         -9.294231046134     h 
          6.901268371396         -0.039698286355         -5.221856798042     h 
          0.830389536202         -4.513876770895         -3.526878670864     h 
          3.746203849538          3.548691876707         -6.904642743719     h 
         -2.261745172875         -0.921776188569         -5.232450590753     h 
$end
