   72
          2          1          2
          3          3          5
          2          6          7
         16          8         23
         22         24         45
          1         46         46
          6         47         52
         19         53         71
          1         72         72
         19         73         91
          2         92         93
          7         94        100
          2        101        102
          1        103        103
          8        104        111
          3        112        114
          2        115        116
        142        117        258
        637        259        895
        943        896       1838
         30       1839       1868
          5       1869       1873
        291       1874       2164
        244       2165       2408
         16       2409       2424
         17       2425       2441
         21       2442       2462
          5       2463       2467
         17       2468       2484
          7       2485       2491
         11       2492       2502
          1       2503       2503
          3       2504       2506
          1       2507       2507
         14       2508       2521
          6       2522       2527
          1       2528       2528
          2       2529       2530
          4       2531       2534
          1       2535       2535
          1       2536       2536
          9       2537       2545
         22       2546       2567
         10       2568       2577
         22       2578       2599
          2       2600       2601
          6       2602       2607
         12       2608       2619
         54       2620       2673
          2       2674       2675
         25       2676       2700
          5       2701       2705
          4       2706       2709
          5       2710       2714
          5       2715       2719
          1       2720       2720
         18       2721       2738
          3       2739       2741
          1       2742       2742
          3       2743       2745
          3       2746       2748
          1       2749       2749
          2       2750       2751
          3       2752       2754
          2       2755       2756
          5       2757       2761
          3       2762       2764
          1       2765       2765
          1       2766       2766
          1       2767       2767
          8       2768       2775
          2       2776       2777
