# indices of neighbouring atoms (max seven)
2 5 6
1 3 7
2 4 8
3 5 9
1 4 10
1
2
3
4
5
1 2 3 4 5 12 13 14 15 16
13 16 17
12 14 20
13 15 22
14 16 18
12 15 19
12
15
16
13 21 23 27
20
14 28 55 63
20 24 25 26
23
23
23
20 28 29 30
22 27 102 103 105 106
27 43 47 51
27 31 35 39
30 32 33 34
31
31
31
30 36 37 38
35
35
35
30 40 41 42
39
39
39
29 44 45 46
43
43
43
29 48 49 50
47
47
47
29 52 53 54
51
51
51
22 56 57
55 58 59
55 60 61
56 62 85
56
57 62 93
57
58 60 71
22 64 65
63 66 67
63 68 69
64 70 73
64
65 70 81
65
66 68 72
62 89
70 77
66 74 75 76
73
73
73
72 78 79 80
77
77
77
68 82 83 84
81
81
81
58 86 87 88
85
85
85
71 90 91 92
89
89
89
60 94 95 96
93
93
93
98 99 100 101
97 102 103 104
97 105 106 107
97
97
98 105 108
98 106 109
98
99 102 110
99 103 111
99
102
103
105
106
