   -0.04057512
   -0.03908411
   -0.03955776
   -0.03965180
   -0.03998631
    0.05471447
    0.04452960
    0.05387862
    0.05327912
    0.04618141
    0.19457972
   -0.04621794
   -0.02848375
   -0.03637493
   -0.04507287
   -0.04410705
    0.04123293
    0.04386485
    0.04941168
   -0.04043994
    0.02677698
   -0.00077238
   -0.07354458
    0.03866664
    0.03932708
    0.03971275
   -0.00892998
    0.25675960
   -0.01955926
   -0.01889282
   -0.07426985
    0.04337177
    0.05007374
    0.04132321
   -0.07492515
    0.04994721
    0.03315045
    0.04152179
   -0.07472900
    0.04529264
    0.04103937
    0.02221838
   -0.07353628
    0.03744221
    0.04815210
    0.02748716
   -0.07644171
    0.03833572
    0.03518691
    0.05091712
   -0.07477539
    0.05118695
    0.04055007
    0.04260712
   -0.02985510
   -0.04018144
   -0.04008531
   -0.01419723
    0.04332317
   -0.01428365
    0.02263420
    0.09628834
   -0.02604178
   -0.03851328
   -0.03880417
   -0.01106033
    0.04486371
   -0.01169110
    0.03926022
    0.09901005
   -0.36998788
   -0.36876606
   -0.07401330
    0.08697153
    0.05462547
    0.05508172
    0.01842132
    0.05915417
    0.07826016
    0.05850802
   -0.07396426
    0.05473302
    0.08743802
    0.05311282
   -0.07378191
    0.08600804
    0.05432220
    0.05085845
    0.01868692
    0.07739536
    0.05785787
    0.05829523
   -0.07325536
    0.05111544
    0.08485047
    0.04744107
   -0.04904037
   -0.02839425
   -0.02838209
    0.05822633
    0.05742775
   -0.04775228
   -0.04954896
    0.04508612
   -0.04870786
   -0.04958047
    0.04898111
    0.03711252
    0.03014601
    0.04102186
    0.03057837
