           1           2   1.29509652505090     
           2           3   1.30844518231687     
           3           4   1.29554359604293     
           1           5   1.31990969215582     
           4           5   1.29769143406131     
           1           6  0.962317526403716     
           2           7  0.961730533984234     
           3           8  0.962797250500773     
           4           9  0.964185514026667     
           5          10  0.963885063694324     
           1          11  0.291794431794963     
           2          11  0.302176907168334     
           3          11  0.299978190482719     
           4          11  0.313250894304520     
           5          11  0.283761057027510     
          11          12  0.294816441223681     
          11          13  0.309180346320068     
          12          13   1.27281825058089     
          11          14  0.287390806113896     
          13          14   1.20316966093146     
          11          15  0.299426182070575     
          14          15   1.24330504376726     
          11          16  0.284395815052809     
          12          16   1.29695251387639     
          15          16   1.31663839840892     
          12          17  0.962635772214502     
          15          18  0.963782553118456     
          16          19  0.967580749191149     
          13          20  0.997053217509284     
          20          21  0.922273864155845     
          14          22   1.00214800008525     
          20          23  0.996430233820515     
          23          24  0.972303127754447     
          23          25  0.972984071605371     
          23          26  0.976389480372714     
          20          27  0.942187674842096     
          22          28  0.877669831389242     
          27          28  0.843671444742480     
          27          29  0.910634047343612     
          27          30  0.915232930069657     
          30          31  0.994854357227002     
          31          32  0.972928298602273     
          31          33  0.976638794794746     
          31          34  0.976229487545828     
          30          35  0.993574498150679     
          35          36  0.977372687205525     
          35          37  0.968013873545919     
          35          38  0.974058789166085     
          30          39  0.988351346991446     
          39          40  0.977892460470098     
          39          41  0.962807626293750     
          39          42  0.920588940408202     
          29          43  0.990045861786886     
          43          44  0.973632757004406     
          43          45  0.978434395971441     
          43          46  0.957684024971334     
          29          47  0.992666679273906     
          47          48  0.973381129069864     
          47          49  0.968049901044012     
          47          50  0.977779020922577     
          29          51  0.994064374321536     
          51          52  0.976530076742079     
          51          53  0.970207259067684     
          51          54  0.977301174365554     
          22          55  0.961529358811552     
          55          56   1.37856783758546     
          55          57   1.40120790922804     
          56          58   1.42631142149629     
          56          59  0.961084543211093     
          57          60   1.40815724222155     
          57          61  0.914960484965181     
          58          62   1.34500033003552     
          60          62   1.36783267644250     
          22          63  0.976760201851003     
          63          64   1.39249170500055     
          63          65   1.36333078474462     
          64          66   1.41370406648735     
          64          67  0.955403296702942     
          65          68   1.44646025572261     
          65          69  0.951886271929622     
          66          70   1.35395267793073     
          68          70   1.31649554274243     
          62          71   1.01672468217100     
          70          72   1.06018962948355     
          66          73   1.02359254967000     
          73          74  0.973609731441746     
          73          75  0.967338985778567     
          73          76  0.982535259894947     
          72          77  0.971033082433957     
          77          78  0.975011965903832     
          77          79  0.977325972596101     
          77          80  0.981359377475688     
          68          81   1.03027494901415     
          81          82  0.967354611502774     
          81          83  0.966359345168119     
          81          84  0.984972735556524     
          58          85   1.03019287679178     
          85          86  0.963751751417145     
          85          87  0.968049728161098     
          85          88  0.984717131467407     
          71          89  0.966726547656601     
          89          90  0.978978579532551     
          89          91  0.977150723590764     
          89          92  0.979371669646195     
          60          93   1.02712717425727     
          93          94  0.964045343989618     
          93          95  0.978138875050753     
          93          96  0.978305229014991     
          97          98  0.976077722299420     
          97          99  0.975718156627136     
          97         100  0.975461935299733     
          97         101  0.975589436240728     
          28         102  0.437712194480175     
          98         102  0.966920879701632     
          28         103  0.446081611835777     
          98         103  0.970825775788219     
          98         104  0.971421319164408     
          28         105  0.462240089519072     
          99         105  0.972263177135983     
         102         105   1.49453109847439     
          28         106  0.435374679767819     
          99         106  0.964188172433328     
         103         106   1.51273029298122     
          99         107  0.971169879189391     
         102         108  0.934017642844481     
         103         109  0.930844288294067     
         105         110  0.933925500503659     
         106         111  0.934219157652642     
