$coord
         -3.435517408477          0.672822337453         -7.062704424601     c 
         -1.037673856394         -0.870556264455         -6.306262194071     c 
         -2.224605359270         -2.997988608392         -4.672652130403     c 
         -4.752695049481         -2.517328876339         -4.189296297993     c 
         -5.509885609786         -0.270667634509         -5.805894355324     c 
         -3.466244019821          2.212258183203         -8.434329817196     h 
         -0.220585775927         -1.709853346306         -8.047588684177     h 
         -1.213270568354         -4.676221372589         -4.049818809108     h 
         -6.144412192996         -3.942597716689         -3.584113168997     h 
         -7.462816743675          0.301945627822         -6.126278408864     h 
         -2.709545041108          1.034520154173         -3.141815137899     fe
          1.108170510577          0.593783072236         -4.762692173507     c 
          1.034467605997         -0.063845657880         -1.881828794949     c 
         -0.046398786675          2.201881954451         -0.536116518310     c 
          0.147911613398          4.303196621299         -2.434438919957     c 
          0.859391422262          3.490370003806         -4.744289864988     c 
          2.997549492395          0.123085596875         -5.525374194273     h 
         -0.080820454757          6.282281800053         -1.940976605079     h 
          1.145626885970          4.695415021613         -6.375102287275     h 
          1.593423333043         -2.512745393670         -0.463616335668     c 
         -3.082669876064          1.457894330153          1.115735792388     p 
          3.108887892688         -4.591122268746         -1.787880680096     n 
         -0.553455184374         -3.294569341283         -0.078985056350     h 
          2.758600536425         -2.058471180527          2.097169824342     c 
          5.044804530149         -0.808240444610          2.287101691785     c 
          1.665673161012         -3.006114064501          4.292915438392     c 
          6.211377818843         -0.480321210893          4.591388386946     c 
          2.826137232163         -2.681318739585          6.604609427661     c 
         -0.106948267392         -3.988974763201          4.183360491908     h 
          5.093811758464         -1.407820329052          6.760250702761     c 
          8.003288567426          0.479635731324          4.697531559841     h 
          1.957390839886         -3.420988612020          8.291419710477     h 
          6.002597601605         -1.154501416973          8.564832484676     h 
          6.423194993489          0.112180537198         -0.668677005697     p 
          4.066498229157         -4.433205991505         -4.390269362671     c 
          2.526625577222         -4.392163411179         -5.746663967949     h 
          5.233602921637         -2.758257601810         -4.615963638158     h 
          5.242730694437         -6.065064755050         -4.818414628966     h 
          2.544521002660         -7.178919117008         -0.964931432050     c 
          2.369891850606         -7.244253732672          1.082510857893     h 
          0.787699933478         -7.838501249090         -1.804753592964     h 
          4.058896462218         -8.457226879515         -1.513908560243     h 
         -3.988576583582         -2.849114036760          0.263373190677     rh
          9.550992508635         -1.397820008554         -0.157559817858     c 
          9.149805858060         -4.247644178059          0.239409825736     c 
         11.278690736446         -0.893773256243         -2.434051688087     c 
         10.395365247365         -0.577865216846          1.545053885346     h 
         11.679072398349         -5.670213445680          0.484798204859     c 
          7.943908696114         -4.589844888648          1.894722604482     h 
          8.086771164543         -4.995887641884         -1.372305553341     h 
         13.805621286712         -2.332261732864         -2.212279805447     c 
         11.627732490621          1.140725539680         -2.636286165245     h 
         10.288505528941         -1.465761469796         -4.162633490525     h 
         13.367263584418         -5.183090351615         -1.832969774438     c 
         12.659463047600         -5.033682914304          2.196153862318     h 
         11.358166815218         -7.704090988339          0.751490350511     h 
         14.879324525207         -1.584657134549         -0.604830374797     h 
         14.993859206648         -1.987914525843         -3.879755287671     h 
         15.173663649114         -6.191390342624         -1.655836336013     h 
         12.457283000407         -5.967723573194         -3.521720882148     h 
          7.403485482350          3.433097230406         -0.034070471396     c 
          7.527107026859          4.750524272339         -2.621307919203     c 
          5.533703024767          4.808834359587          1.715728882983     c 
          9.279691611843          3.409427910413          0.841668988384     h 
          8.187337183007          7.576293881374         -2.365550395533     c 
          8.858508758105          3.781697222023         -3.884518816625     h 
          5.678575560862          4.553826389290         -3.540048756063     h 
          6.160193216919          7.642207729788          1.969940000256     c 
          5.473690131734          3.913032060561          3.583525003512     h 
          3.631020141720          4.582874548313          0.941514715882     h 
          6.279606343062          8.928341539657         -0.635937018155     c 
         10.090821308535          7.763503798708         -1.567500867479     h 
          8.272694386754          8.486705352191         -4.229477058784     h 
          7.987487995421          7.854911374688          2.924517356623     h 
          4.780576145128          8.593760305573          3.195513665685     h 
          6.751643313055         10.941292662122         -0.446437113719     h 
          4.402377243497          8.878226865606         -1.512864854397     h 
         -5.598194248370          3.106854126536         -0.752003908293     c 
         -7.940653343834          3.792433662399          0.833053376103     c 
         -5.118003993218          4.927258462694         -2.945574377667     c 
         -5.815378613397          1.056927900870         -1.753496836958     h 
        -10.276688048349          4.231668187140         -0.831296892841     c 
         -8.300752153825          2.327189812162          2.254927077365     h 
         -7.532006884612          5.516573238994          1.905616602837     h 
         -7.498306468989          5.673047884937         -4.473977193767     c 
         -3.565721531949          3.944769723854         -4.331747738367     h 
         -4.192727134193          6.639178411408         -2.215595337373     h 
         -9.772393094518          6.321012717364         -2.782522209477     c 
        -10.746198699468          2.472911418945         -1.823013421249     h 
        -11.941237477589          4.679337052390          0.326568971237     h 
         -8.023066514234          4.134366773621         -5.750689214612     h 
         -7.057905895465          7.270046410347         -5.725149792718     h 
        -11.466732038334          6.673811297938         -3.930489440533     h 
         -9.399097971254          8.103306588420         -1.791834043284     h 
         -2.754313251291          3.397017352182          4.074884436455     c 
         -0.865202776854          2.130224503978          5.862403138412     c 
         -1.964776107348          6.130936992077          3.502030083832     c 
         -4.627935209650          3.397118595572          4.960299396652     h 
         -0.502424738735          3.659701204470          8.314644401953     c 
          0.948924347014          1.950559404423          4.878406661314     h 
         -1.478917629416          0.191601427280          6.278821766642     h 
         -1.628932402537          7.675675499359          5.947712110494     c 
         -3.330616831305          7.032195017979          2.228033994885     h 
         -0.174877005675          6.101554743490          2.464915826126     h 
          0.288192969214          6.398049031434          7.727293181873     c 
          0.888489501609          2.740473570425          9.551996359783     h 
         -2.276659543723          3.670062610400          9.385399096514     h 
         -1.052338089887          9.622840259047          5.515999783513     h 
         -3.456770385220          7.838785084983          6.910600163922     h 
          2.158157066689          6.393373236031          6.834351139352     h 
          0.511843592448          7.492392647787          9.477416287881     h 
         -8.150563866633         -7.130601617500          3.792089149485     c 
         -8.119966844569         -6.096388232367          0.968894870879     c 
         -5.666973016376         -5.583824962358          4.483483990034     c 
         -7.896572144086         -9.178450540940          3.913199780353     h 
         -9.812127866568         -6.527708273405          4.863746700113     h 
         -8.000707013752         -3.209254985182          1.519332841135     c 
         -5.374047665427         -6.845462200889          0.218081920036     c 
         -9.652038425650         -6.753861696173         -0.283915652196     h 
         -6.528278013685         -2.900893645165          3.635492259059     c 
         -3.899590472198         -6.537857383554          2.331092815288     c 
         -4.960043264142         -5.771066055068          6.436468288150     h 
         -9.066697575402         -1.740939393163          0.534907554607     h 
         -4.788349444192         -7.737638463905         -1.550018969069     h 
         -6.201341220520         -1.136784743169          4.656392079849     h 
         -1.957423946562         -7.202591822445          2.541465070702     h 
$end
