   17
          7          1          7
          1          8          8
          1          9          9
          2         10         11
          1         12         12
          1         13         13
          1         14         14
          1         15         15
          1         16         16
          1         17         17
          1         18         18
          1         19         19
          3         20         22
          1         23         23
          2         24         25
          3         26         28
          2         29         30
