   -0.04264700
   -0.03146550
   -0.04342896
   -0.04442486
   -0.04102101
    0.04799626
    0.05239633
    0.04066221
    0.03356671
    0.04372566
    0.18590817
   -0.02953006
   -0.02660676
   -0.03739574
   -0.04097337
   -0.04663074
    0.04842164
    0.04239317
    0.05171382
    0.02132529
   -0.03222676
   -0.21126198
   -0.00796367
   -0.01197898
   -0.02694690
   -0.03642648
   -0.03568441
   -0.03537012
    0.05119895
   -0.03587652
    0.03815359
    0.05355097
    0.05239427
    0.02691734
   -0.03244649
    0.04974140
    0.05369748
    0.04961095
   -0.03346888
    0.04956072
    0.04072074
    0.03120688
    0.25675580
   -0.04040597
   -0.04731651
   -0.04932353
    0.03519443
   -0.05141922
    0.02992883
    0.02158259
   -0.05165992
    0.03457333
    0.03514970
   -0.05036256
    0.04292837
    0.03554686
    0.04629406
    0.04678866
    0.04788120
    0.04018411
   -0.03910595
   -0.04983370
   -0.04937175
    0.04149013
   -0.05143216
    0.03973481
    0.03827800
   -0.05146293
    0.03273301
    0.03745773
   -0.05103089
    0.04726040
    0.04911316
    0.04455616
    0.04802567
    0.05165597
    0.04792419
   -0.03288254
   -0.05018481
   -0.04581124
    0.00029192
   -0.05085339
    0.03043916
    0.03957775
   -0.05124953
    0.01181842
    0.03836164
   -0.05120703
    0.04317355
    0.04731355
    0.04056718
    0.04745693
    0.05082842
    0.04880224
   -0.03713340
   -0.04893782
   -0.04969818
    0.03909812
   -0.05166888
    0.02558548
    0.03162740
   -0.05146643
    0.04253752
    0.03788083
   -0.05024191
    0.04256189
    0.04645981
    0.04355983
    0.04677321
    0.03694350
    0.04732264
   -0.04911851
   -0.02927941
   -0.02975732
    0.05247177
    0.05315963
   -0.05025844
   -0.05002179
    0.04378493
   -0.05086930
   -0.05046544
    0.03515481
    0.02841792
    0.03078199
    0.02625705
    0.02269681
