# indices of neighbouring atoms (max seven)
2 5 6
1 3 7 11 12
2 4 8
3 5 9
1 4 10
1
2
3
4
5
1 2 3 4 5 12 13 14 15 21 78 80 81 86
2 11 13 16 17
12 14 20
11 13 15 21
14 16 18
12 15 19
12
15
16
13 22 23 24
11 14 43 78 95
20 35 39
20 43
20 25 26
24 27 34
24 28 29
25 30 31
26 30 32
26
27 28 33
27
28
30
25 44 61
22 36 37 38
35
35
35
22 40 41 42
39
39
39
21 23 117 118 120 121
34 45 46 47
44 48 49 50
44 51 52 53
44
45 54 55 56
45
45
46 54 57 58
46
46
48 51 59 60
48
48
51
51
54
54
34 62 63 64
61 65 66 67
61 68 69 70
61
62 71 72 73
62
62
63 71 74 75
63
63
65 68 76 77
65
65
68
68
71
71
79 80 81
78 82 83 84
11 78 85 86 87
11 78
79 88 89 90
79
79
80 88 91 92
11 80
80
82 85 93 94
82
82
85
85
88
88
21 96 97 98
95 99 100 101
95 102 103 104
95
96 105 106 107
96
96
97 105 108 109
97
97
99 102 110 111
99
99
102
102
105
105
113 114 115 116
112 117 118 119
112 120 121 122
112
112
113 120 123
113 121 124
113
114 117 125
114 118 126
114
117
118
120
121
