$coord
         -7.194502027202          4.143030440636          2.085491665562     c
         -4.904154800662          5.416195798927          2.874838862074     c
         -3.327688296955          5.076399392298          0.636666870722     c
         -4.868133896129          4.640193036284         -1.386997757436     c
         -7.224305819289          3.990896193529         -0.507553239834     c
         -8.553196454395          3.504020642207          3.399989444095     h
         -5.148836954503          7.346325538161          3.504263634916     h
         -1.490021802824          5.853371529445          0.686654384243     h
         -4.560589256407          4.753270854397         -3.342315029878     h
         -8.522938048039          3.228411178521         -1.790353937570     h
         -4.785029463109          1.798671499667          0.978383245754     fe
         -3.613757092328          3.658518896408          4.634276620688     c
         -1.981979300227          2.093970474555          3.027056060569     c
         -2.911253806546         -0.359749613669          2.956677855398     c
         -4.948059173498         -0.413018633512          4.703383126964     c
         -5.445798011278          1.847157536385          5.573327500376     c
         -2.684499873332          4.646377343782          6.163861210852     h
         -5.876393254833         -2.077425589582          5.349540202136     h
         -6.945636093282          2.357145736509          6.815803548328     h
          0.692896295663          2.459481689515          2.396656129497     c
         -2.660810936808         -2.021981547947          0.085387395913     p
          1.500413129092          5.044535311861          2.960015488733     n
          0.930864791165          2.128355379194          0.314838472005     h
          2.158335435816          0.410314379531          3.803273002917     c
          4.388950938257         -0.688156185173          2.920484701964     c
          1.158147710637         -0.369119833000          6.114330951154     c
          5.506365732270         -2.591358341410          4.358654764895     c
          2.343935922276         -2.187507566089          7.556385448517     c
         -0.615830752875          0.427195133685          6.735152239057     h
          4.525016890349         -3.322846622947          6.661065927874     c
          7.169650905268         -3.539053503478          3.663308489682     h
          1.551337817857         -2.746012824885          9.349305887655     h
          5.449872152599         -4.782602854264          7.744105991849     h
          5.743846499938          0.383470664718         -0.125107828553     p
          2.278055671967          5.445563679842          5.558596686533     c
          4.214129407523          4.791858616334          5.915114827179     h
          2.187220661596          7.463902158080          5.951335199840     h
          1.030024181553          4.455355552961          6.843544616203     h
          3.363800515335          6.115288397959          1.274752799348     c
          3.454908499103          8.143493807185          1.624425421342     h
          5.259148018433          5.329362320927          1.570146724507     h
          2.817271855576          5.819274502082         -0.681444843215     h
         -1.129435789310          1.394239056539         -1.983878417434     rh
          6.494650855711         -2.762135540407         -1.601464925884     c
          4.012846371746         -4.192972794612         -1.970542215376     c
          7.761636928104         -2.348179809166         -4.165154020567     c
          7.751422301792         -3.879879139430         -0.400007687775     h
          4.475934886634         -6.710254513766         -3.299408337340     c
          3.115022611808         -4.513146200618         -0.134817473876     h
          2.725505680865         -3.035790876151         -3.103650014439     h
          8.228196412935         -4.861969745567         -5.499399722867     c
          9.556629223250         -1.360565823263         -3.931904077942     h
          6.552792666030         -1.162699553851         -5.350141505382     h
          5.754254882729         -6.296351753221         -5.849347699116     c
          5.684789488627         -7.892209305425         -2.114745267239     h
          2.695575789833         -7.718423718341         -3.574319131245     h
          9.525526746578         -6.004920150247         -4.371251030472     h
          9.117085588242         -4.525712599702         -7.330444196874     h
          6.114032676448         -8.111822974497         -6.757776228568     h
          4.497820086953         -5.217189965317         -7.083915296426     h
          8.934748667552          1.583078312756          0.999599590599     c
         11.041389124522         -0.312110422645          1.539511026394     c
          9.868465657516          3.535461346009         -0.928118284450     c
          8.510380262555          2.578878729632          2.774065421226     h
         13.378623312151          1.068005375545          2.530025437159     c
         10.450600533519         -1.685565607098          2.956292744817     h
         11.550328227538         -1.326393295272         -0.182617658790     h
         12.204835568775          4.912233049510          0.049600534801     c
          8.380327492014          4.910942113648         -1.337634710115     h
         10.339086162344          2.588702720979         -2.700799982922     h
         14.304051175768          3.026413533218          0.630072093558     c
         12.916847650948          2.005214997779          4.311549129757     h
         14.871607028645         -0.304206588799          2.910021640646     h
         11.720841798782          5.951734684879          1.767394021812     h
         12.846714559870          6.279250921115         -1.355583918142     h
         15.950751862450          4.012826476271          1.382315049695     h
         14.878106457357          2.078971181762         -1.112319375512     h
         -5.831931783365         -1.157959986153         -1.079707225833     c
         -7.150391234875         -2.686775908239         -3.077613530290     c
         -7.469948067968         -0.791650647202          1.150755718912     c
         -5.646771004601          0.816389151010         -1.675902975972     h
         -9.521052346333         -1.208701279527         -3.770367718293     c
         -5.947320350870         -2.975850992064         -4.719781041459     h
         -7.684791307624         -4.533960271032         -2.339189411971     h
        -10.168710420820         -0.056376605174          0.755546884458     c
         -6.944577546067          0.816072436247          2.362796692556     h
         -7.327640248597         -2.453336405071          2.285028403710     h
        -11.362032942014         -1.290006564893         -1.560765268443     c
         -8.953963521311          0.746250401066         -4.135624496024     h
        -10.412580843034         -1.969841553031         -5.461557906492     h
        -10.263285973976          1.966715354354          0.630507224160     h
        -11.206463762551         -0.581348307603          2.459810365233     h
        -13.113984705386         -0.323517415694         -2.043662825298     h
        -11.824256477971         -3.258131711315         -1.165244803922     h
         -3.169119448934         -5.312190417648          1.215194840389     c
         -2.625473530529         -7.277853028951         -0.817611981409     c
         -1.496373609212         -5.734756785841          3.520420769583     c
         -5.151340151614         -5.475480248613          1.784711112092     h
         -2.997186663397         -9.940988166284          0.231637197038     c
         -0.674444719385         -7.067267724514         -1.447659839141     h
         -3.857459140020         -6.983068707210         -2.446365550272     h
         -1.863431056656         -8.394034787678          4.567927647194     c
         -1.931175312365         -4.316323600726          4.952280704305     h
          0.482220245677         -5.476175261144          2.990863580027     h
         -1.306481333447        -10.358809503737          2.530595492233     c
         -2.562526332987        -11.334964396401         -1.223615543990     h
         -4.971130284837        -10.196672619973          0.777252560859     h
         -0.621213391895         -8.684583278248          6.186592232065     h
         -3.809604617104         -8.617639034888          5.217240661159     h
          0.671273926629        -10.209055674587          1.960540629001     h
         -1.605390002370        -12.254122038091          3.282015910162     h
         -0.327773513149          2.546887978398         -8.552869623117     c
         -2.071399315686          3.689229754883         -6.541722928123     c
          0.970900370740          0.755600979505         -6.687645953346     c
          0.959847350907          3.923591196656         -9.381299321966     h
         -1.351237296330          1.564246917028        -10.045773941196     h
         -3.178016030230          1.338927046363         -5.292398918106     c
         -0.220872557548          4.392222055717         -4.444911258911     c
         -3.387490999967          5.133668027808         -7.178027443475     h
         -1.272396430628         -0.507612857767         -5.417641251429     c
          1.667376792980          2.546051790191         -4.557712549471     c
          2.449887726784         -0.466558825048         -7.411113237904     h
         -5.190351278295          1.047761212834         -5.204987047841     h
         -0.046869907834          6.302588023843         -3.749638537658     h
         -1.537574162032         -2.530421240556         -5.391125928206     h
          3.579445443139          2.714335600783         -3.875588243594     h
$end
$end
