           1           2   1.06851771142572     
           2           3   1.02693129875238     
           3           4   1.39738965065817     
           1           5   1.35329315372006     
           4           5   1.31177636619078     
           1           6  0.990127130094732     
           2           7  0.939859318072617     
           3           8  0.942516914075479     
           4           9  0.948816795405443     
           5          10  0.983385654425520     
           1          11  0.219894333437093     
           2          12  0.958165017574428     
           3          13  0.169808625842897     
          12          13   1.03151285900261     
          13          14   1.35122573192378     
          14          15   1.11871843035362     
          12          16   1.04260979346187     
          15          16   1.81459944509711     
          12          17  0.936707783780533     
          15          18  0.978256463173661     
          16          19  0.979211150678227     
          13          20   1.01932273391985     
          14          21   1.02118731678376     
          20          22  0.980094651612327     
          20          23  0.779925844221748     
          20          24  0.963419744521594     
          24          25   1.39658173335827     
          24          26   1.39539339457459     
          25          27   1.38739457299271     
          26          27  0.108017483021804     
          25          28  0.102188962994592     
          26          28   1.45351273684081     
          26          29  0.959082548192461     
          24          30  0.104541023690847     
          27          30   1.45730696164749     
          28          30   1.41817340965499     
          27          31  0.954119577449639     
          28          32  0.969717906971706     
          30          33  0.969129255998822     
          25          34  0.994606781880414     
          22          35   1.00591575245637     
          35          36  0.974453103526054     
          35          37  0.979662587051868     
          35          38  0.971447550006983     
          22          39   1.01546689758983     
          39          40  0.978058172810491     
          39          41  0.957259021613505     
          39          42  0.967851933056062     
           3          43  0.218279556202699     
           4          43  0.194932941903241     
          13          43  0.167080622952112     
          14          43  0.121904229175137     
          20          43  0.174215983914410     
          21          43  0.958293082839519     
          23          43  0.198108215219311     
          34          44  0.981603085066180     
          44          45  0.995823924797582     
          44          46  0.996619779075224     
          44          47  0.942939981310515     
          45          48   1.00435124658345     
          45          49  0.961537422232785     
          45          50  0.956766379061375     
          46          51   1.00390609442924     
          46          52  0.966486567993883     
          46          53  0.970775234957643     
          48          54   1.00841789225460     
          51          54   1.00918081224138     
          48          55  0.976466839364442     
          48          56  0.970212982903737     
          51          57  0.976836267517137     
          51          58  0.976209600509539     
          54          59  0.977232252258802     
          54          60  0.976863962534309     
          34          61  0.966108408755761     
          61          62  0.994729217303256     
          61          63  0.995709749353858     
          61          64  0.946925495632040     
          62          65  0.999932397338090     
          62          66  0.966379640479548     
          62          67  0.971065146895757     
          63          68   1.00438878171211     
          63          69  0.969652405560729     
          63          70  0.970695546781231     
          65          71   1.00959671543474     
          68          71   1.00913163108388     
          65          72  0.977264960763270     
          65          73  0.975836916031284     
          68          74  0.976984850074830     
          68          75  0.976214533211450     
          71          76  0.976848763973741     
          71          77  0.977240787072272     
          21          78  0.932117987445634     
          43          78  0.124294576499057     
          78          79   1.00007224962862     
          78          80   1.03133160845556     
          43          81  0.195745228777748     
          78          81  0.885542238750619     
          79          82   1.00466159562755     
          79          83  0.971002443122233     
          79          84  0.966556396855272     
          80          85   1.00715711767394     
           1          86  0.108647058969187     
          80          86  0.811534656244900     
          80          87  0.954966101907821     
          82          88   1.01138693152675     
          85          88   1.00064823489315     
          82          89  0.961305972671612     
          82          90  0.974724918780527     
          85          91  0.971667640098543     
          85          92  0.975566325712531     
          88          93  0.975097327064724     
          88          94  0.976247592817208     
          21          95  0.907179321784318     
          95          96   1.00042619285884     
          95          97   1.00053692705869     
          95          98  0.938311041485841     
          96          99   1.00391079066576     
          96         100  0.965392644208987     
          96         101  0.971327822249344     
          97         102   1.00397836581562     
          97         103  0.963526639339752     
          97         104  0.967057741869576     
          99         105   1.00921019929712     
         102         105   1.00834806304355     
          99         106  0.976024550379086     
          99         107  0.976622074563592     
         102         108  0.975540030069797     
         102         109  0.976294241612249     
         105         110  0.977112352633550     
         105         111  0.976784596037524     
         112         113  0.982134892629443     
         112         114  0.981700865010333     
         112         115  0.975729877843405     
         112         116  0.976155852709462     
          43         117  0.617059121552081     
         113         117  0.976710849156181     
          43         118  0.514740590875397     
         113         118  0.971926362544649     
         113         119  0.970392420767650     
          43         120  0.570777371414499     
         114         120  0.977951751407837     
         117         120   1.33591673165250     
          43         121  0.530221292256765     
         114         121  0.978086983083269     
         118         121   1.37812395100663     
         114         122  0.969241397178052     
         117         123  0.941558655492742     
         118         124  0.947818633231226     
         120         125  0.946826451072629     
         121         126  0.930635165066267     
