$coord
          5.033957465595          7.263005769560         -5.747526241774     c 
          4.632315442088          7.639686641864         -3.065532176496     c 
          5.868955281261          5.592760682120         -1.726480738987     c 
          7.032474779623          3.951181095159         -3.583305249927     c 
          6.527607098423          4.990020939486         -6.064618839630     c 
          4.438166308771          8.539638239368         -7.254514345911     h 
          3.737898248500          9.287494355483         -2.207510401902     h 
          6.110648471365          5.457556984780          0.317447854241     h 
          8.210552357635          2.306045415670         -3.183247043533     h 
          7.254558139554          4.258366136519         -7.851116435351     h 
          3.085453234895          4.155046453243         -4.194106665128     fe
         -0.117685364258          3.840523026065         -6.511576381608     c 
         -0.834068149300          3.139065007253         -3.929924978447     c 
          0.778863071327          1.025946144020         -3.203959303164     c 
          2.434116583354          0.424060342842         -5.306868542688     c 
          1.866890847691          2.151508948627         -7.357159023613     c 
         -1.112093050068          5.204910267686         -7.695206754916     h 
          3.763266202331         -1.151866361756         -5.372461747884     h 
          2.692466353713          2.101509309187         -9.247580916081     h 
         -3.450320319698          3.620803630526         -2.844747863126     c 
         -4.086475413173          5.445340966655         -3.589740619240     h 
          0.343658171366         -0.913760122837         -0.385346483898     p 
         -5.237281548720          1.586324640065         -3.821086110730     c 
         -4.977227067354         -0.173809132879         -2.789101814390     h 
         -7.219420215260          2.126901471352         -3.708261462898     h 
         -4.861136544492          1.178280504155         -5.808016508306     h 
         -3.535568255522          4.081962220939          0.702901942347     p 
         -1.395216459793          1.025619158503          3.210154490766     rh
         -1.696388432300          7.115192702536          1.333989124741     c 
         -6.990663484482          4.194859555190          1.724054610359     c 
         -8.376280338652          6.018154746294         -0.033776206861     c 
         -7.618936388536          7.925507871408          0.133530462930     h 
         -8.224276223245          5.457879735422         -2.005655233749     h 
        -10.381911323816          6.099665402100          0.435478349920     h 
         -7.326060702419          5.090008795351          4.456653702202     c 
         -6.082463227350          4.087593804390          5.741201898774     h 
         -6.992731559175          7.104897694017          4.662875770399     h 
         -9.259081590543          4.760660878927          5.090331774272     h 
         -8.076939736413          1.517579334191          1.519577496017     c 
         -9.977320274685          1.438606691074          2.314264136936     h 
         -8.226954318483          0.867054326938         -0.419831581576     h 
         -6.915465962388          0.163101092817          2.542016340234     h 
         -1.740717538581          8.747126156555         -1.047941328960     c 
         -3.670120853266          9.210913214222         -1.598045069624     h 
         -0.743580738711         10.523026123042         -0.732650948947     h 
         -0.822368445878          7.798745721235         -2.626654763850     h 
          1.001561218447          6.302952474942          1.942090998581     c 
          1.109547327676          5.374012909587          3.778296686634     h 
          1.694990563842          4.988350612609          0.517011599478     h 
          2.265139492200          7.930556751437          2.006836307932     h 
         -2.750078486933          8.646451261530          3.536584767456     c 
         -4.581907248055          9.456090612057          3.067312356922     h 
         -2.920204282021          7.502212136629          5.236067616360     h 
         -1.498612458517         10.221532849503          3.982395421338     h 
          3.349885479395         -2.391080958203          0.169718650420     c 
          5.403617647138         -0.853060510952          0.579678802525     c 
          3.617079395475         -4.978116332134          0.146646792608     c 
          7.749835740674         -1.909708440041          1.010831720736     c 
          5.160056812343          1.167989352944          0.550806724386     h 
          5.964377983287         -6.036612011635          0.575325494523     c 
          1.998431844180         -6.159816963790         -0.213306252427     h 
          8.028498539601         -4.500744833404          1.007876085416     c 
          9.384708187385         -0.745872221342          1.350953288507     h 
          6.225009140982         -8.056096370808          0.573332621096     h 
         -1.974474009333         -3.279788577083         -1.206129973348     c 
         -3.843728177586         -4.021302449580          0.446438349600     c 
         -1.898782001328         -4.261313621640         -3.614577774941     c 
         -5.666296527179         -5.717936465184         -0.325198421225     c 
         -3.901972121213         -3.264393591478          2.331401130313     h 
         -3.720013427070         -5.963810136513         -4.388894300938     c 
         -0.440678513094         -3.656486436511         -4.900975539652     h 
         -5.611846708795         -6.681299587590         -2.745780379716     c 
         -7.156544740415         -6.306026805649          0.930525316413     h 
         -3.708469621125         -6.735693483881         -6.272868980991     h 
         -7.713999651648         -8.407153529991         -3.644896800365     c 
         -6.760075730767        -10.071366638279         -5.322456655639     f 
         -8.695970133524         -9.635045681479         -1.639139698293     f 
         -9.498896272678         -6.963561504892         -4.751660960450     f 
         10.611968549442         -5.626790749852          1.523193186722     c 
         12.332221722264         -4.385839745268          0.109199837877     f 
         11.133393206465         -5.331648108046          4.000534694178     f 
         10.587334045118         -8.101428500348          0.914041041559     f 
         -0.438889200757         -1.531354042878          9.565711965779     c 
          0.575098107012          0.881595547020          8.086946640526     c 
         -2.050404881721         -2.423672724901          7.191242769389     c 
         -1.599738666019         -1.054763942804         11.207629802535     h 
          1.058078915560         -2.860246899876         10.080351269440     h 
          1.640140890786         -0.437895830218          5.688866651980     c 
         -1.988201916122          2.033809583768          7.222132143018     c 
          1.875567042885          2.137839512416          9.128233794665     h 
          0.057179658854         -2.425655260961          5.147857970692     c 
         -3.568274179620          0.039178854927          6.678964961571     c 
         -3.148348273885         -4.183433060975          7.415689102929     h 
          3.466123906760         -0.057792053838          4.806800008942     h 
         -2.516195281521          4.017827094649          7.417138216030     h 
          0.415588475400         -3.926418205121          3.778752699426     h 
         -5.608623014337          0.132542842260          6.389650069619     h 
$end
