   24
          5          1          5
          9          6         14
          4         15         18
         15         19         33
          2         34         35
         16         36         51
          5         52         56
          5         57         61
          4         62         65
          8         66         73
         96         74        169
         83        170        252
        132        253        384
         17        385        401
          2        402        403
          3        404        406
          2        407        408
          4        409        412
          4        413        416
          8        417        424
         11        425        435
          4        436        439
          3        440        442
          1        443        443
