   -0.03473901
   -0.03352724
   -0.03363312
   -0.03453447
   -0.03470264
    0.07650188
    0.07105674
    0.07707601
    0.07233699
    0.06595704
    0.19494715
   -0.04474875
   -0.02730573
   -0.03482518
   -0.04257570
   -0.04083062
    0.05180475
    0.06339202
    0.06882758
   -0.04056129
    0.03129777
    0.00105734
   -0.07566816
    0.04843540
    0.04926954
    0.04711027
   -0.00900868
    0.25584879
   -0.01891354
   -0.01799337
   -0.07655141
    0.05014732
    0.06468823
    0.04955367
   -0.07743399
    0.06525751
    0.04097062
    0.05027648
   -0.07680323
    0.06119852
    0.04675052
    0.02921843
   -0.07661929
    0.04869457
    0.06539022
    0.03830008
   -0.07865267
    0.04589435
    0.04166988
    0.06548433
   -0.07738307
    0.06605067
    0.04848833
    0.05164567
   -0.02506781
   -0.03201393
   -0.03124198
   -0.02594220
    0.05979464
   -0.02447721
    0.02916321
    0.00998036
    0.11843431
    0.10676422
   -0.02076535
   -0.02835213
   -0.02926194
   -0.01906432
    0.06495428
   -0.02243380
    0.04910650
    0.01505830
    0.12000785
    0.11770148
    0.38109891
   -0.24839894
   -0.25611098
   -0.24188978
    0.38319495
   -0.24657708
   -0.25741655
   -0.26418199
   -0.04942469
   -0.02564775
   -0.02566018
    0.07894601
    0.08219857
   -0.04443855
   -0.04730851
    0.07009635
   -0.04581552
   -0.04746645
    0.06822945
    0.04970286
    0.04254432
    0.05485882
    0.03953471
