# indices of neighbouring atoms (max seven)
2 5 6
1 3 7
2 4 8
3 5 9
1 4 10
1
2
3
4
5
1 2 3 4 5 12 13 14 15 16
13 16 17
12 14 20
13 15 22
14 16 18
12 15 19
12
15
16
13 21 23 27
20
14 28 55 65
20 24 25 26
23
23
23
20 28 29 30
22 27 88 89 91 92
27 43 47 51
27 31 35 39
30 32 33 34
31
31
31
30 36 37 38
35
35
35
30 40 41 42
39
39
39
29 44 45 46
43
43
43
29 48 49 50
47
47
47
29 52 53 54
51
51
51
22 56 57
55 58 59
55 60 61
56 62 63
56
57 62 64
57
58 60 79
58
60
22 66 67
65 68 69
65 70 71
66 72 73
66
67 72 74
67
68 70 75
68
70
72 76 77 78
75
75
75
62 80 81 82
79
79
79
84 85 86 87
83 88 89 90
83 91 92 93
83
83
84 91 94
84 92 95
84
85 88 96
85 89 97
85
88
89
91
92
