           1           2   1.29233970442775     
           2           3   1.31024270670153     
           3           4   1.29629376069482     
           1           5   1.31917692526377     
           4           5   1.29849497033845     
           1           6  0.964006201628491     
           2           7  0.962509966579612     
           3           8  0.962337472162012     
           4           9  0.963241149900593     
           5          10  0.963276182446235     
           1          11  0.294205186161641     
           2          11  0.302726725361540     
           3          11  0.299512669506289     
           4          11  0.314311299108428     
           5          11  0.284694013844112     
          11          12  0.291330530565993     
          11          13  0.308266446477466     
          12          13   1.27631858028091     
          11          14  0.287343279485887     
          13          14   1.19828529201586     
          11          15  0.300959609697987     
          14          15   1.23415741669019     
          11          16  0.279459336133586     
          12          16   1.29782769149123     
          15          16   1.32064541929267     
          12          17  0.962054358667534     
          15          18  0.963671203984056     
          16          19  0.966992239819683     
          13          20  0.998393504380666     
          20          21  0.922824335246518     
          14          22   1.01100973549127     
          20          23  0.996183855985804     
          23          24  0.971758525933734     
          23          25  0.972566393802251     
          23          26  0.975766544032262     
          20          27  0.938546416512315     
          22          28  0.875221068089719     
          27          28  0.845352264205547     
          27          29  0.909346740183526     
          27          30  0.912601400706121     
          30          31  0.994674954363522     
          31          32  0.972803693281248     
          31          33  0.975713761391427     
          31          34  0.975731165960214     
          30          35  0.993509880017501     
          35          36  0.976670556173798     
          35          37  0.967778864951556     
          35          38  0.973391077456845     
          30          39  0.988100827716655     
          39          40  0.977157541588462     
          39          41  0.962733082315060     
          39          42  0.917335046581814     
          29          43  0.989753885108274     
          43          44  0.973401098582908     
          43          45  0.977580341764244     
          43          46  0.957738219825844     
          29          47  0.992242779216411     
          47          48  0.972628628492228     
          47          49  0.968419125583963     
          47          50  0.976949765737388     
          29          51  0.993341547072563     
          51          52  0.975670852370940     
          51          53  0.969627643070829     
          51          54  0.976985689098530     
          22          55  0.951942634258288     
          55          56   1.39333869453388     
          55          57   1.40208475845577     
          56          58   1.44598007334007     
          57          58  0.105833485877084     
          56          59  0.962193199349766     
          56          60  0.111593123774495     
          57          60   1.44391596373126     
          57          61  0.924238596086217     
          55          62  0.101530635062126     
          58          62   1.41160214419986     
          60          62   1.41177811529540     
          58          63  0.962366405389153     
          60          64  0.964494273599552     
          22          65  0.963052936281437     
          65          66   1.39232149580015     
          65          67   1.39205484630068     
          66          68   1.44847539384093     
          67          68  0.109322174341970     
          66          69  0.957759174446882     
          66          70  0.106683719804612     
          67          70   1.44752933041814     
          67          71  0.952779735028876     
          65          72  0.101057243364077     
          68          72   1.41005158680627     
          70          72   1.41307898490478     
          68          73  0.964357964774184     
          70          74  0.963176919090226     
          72          75  0.946978951263881     
          75          76  0.946491914865527     
          75          77  0.957128156876692     
          75          78  0.946790451071514     
          62          79  0.946456725837630     
          79          80  0.945273341765930     
          79          81  0.959494066500581     
          79          82  0.946364623126494     
          83          84  0.974957744822843     
          83          85  0.974749892995810     
          83          86  0.974733164729997     
          83          87  0.974843608693437     
          28          88  0.431195869613134     
          84          88  0.966836205525412     
          28          89  0.445016477958696     
          84          89  0.971552894083063     
          84          90  0.970831665314529     
          28          91  0.456586314823889     
          85          91  0.972791468898033     
          88          91   1.49840395042671     
          28          92  0.437166091335627     
          85          92  0.963407750525787     
          89          92   1.51155843775372     
          85          93  0.970619656103959     
          88          94  0.934488555202324     
          89          95  0.929438854390559     
          91          96  0.934504643170576     
          92          97  0.932146359398638     
