$coord
         -6.757594310647          4.882731370959         -0.772297122896     c 
         -5.900133705670          3.228611409719         -2.779221699927     c 
         -7.791042680292          1.277779610749         -3.139408194524     c 
         -9.812880946547          1.718972549576         -1.343849692634     c 
         -9.178316082592          3.952104180743          0.112404447992     c 
         -5.785501469583          6.571139247367         -0.095491371266     h 
         -4.165384712110          3.464654574726         -3.863261403372     h 
         -7.773777007160         -0.181849095519         -4.597062146057     h 
        -11.549269762650          0.617249454937         -1.178197446920     h 
        -10.351418655821          4.821572200022          1.569695003145     h 
         -6.368500947679          1.163345740707          0.563116410747     fe
         -5.581609706736          1.871959639195          4.356543261515     c 
         -3.272633804975          1.133026083169          3.035009363781     c 
         -3.669382734247         -1.413952799483          2.006000354210     c 
         -6.214487980266         -2.170248985189          2.728775280707     c 
         -7.386652056628         -0.161159347248          4.158269644656     c 
         -5.857968941825          3.635088013041          5.389669271881     h 
         -7.078047622643         -4.015439554791          2.432345016299     h 
         -9.262785029916         -0.209561981745          5.016021295019     h 
         -0.940743522501          2.779841217856          3.210048501517     c 
         -1.570518342946          4.667379442760          2.643511993316     h 
         -1.418735268972         -3.680725394549          0.557402511589     p 
          0.016925224451          2.928095886433          5.907278267966     c 
          1.711958926202          4.092764536972          6.055868829851     h 
         -1.404505776949          3.732263675503          7.168634640876     h 
          0.448886526039          1.048918949201          6.626636814855     h 
          1.642951082781          2.099185298892          0.899966605519     p 
          2.606821809577         -2.008157140010         -0.648291352882     rh
          4.636542924955          3.326287425503          2.117249004237     c 
          9.150252933015          5.484963738049          3.684467651539     c 
          8.196393714273          3.395059055448          4.911126727554     c 
          5.948896156460          2.274543573925          4.141737503044     c 
          5.629538089184          5.394412204712          0.876766629768     c 
          7.872865255775          6.481590966135          1.649750477562     c 
         10.899336947888          6.324479218362          4.304345856245     h 
          9.209579805829          2.591486849038          6.481961499631     h 
          4.657518673799          6.156067441749         -0.740678245320     h 
          8.618873037175          8.100393005361          0.664910673221     h 
          0.730231982758          3.949882574319         -1.875440410648     c 
         -0.728351251526          6.424335092177         -6.262107699979     c 
         -0.118376557602          3.898561843719         -6.340031866071     c 
          0.605387227524          2.682132147553         -4.148404681826     c 
          0.162525414830          6.521779150336         -1.788017533104     c 
         -0.582628874869          7.717124999287         -4.006618323319     c 
         -1.300935968602          7.391609552345         -7.960552008603     h 
         -0.201076457632          2.877168204469         -8.099931814908     h 
          1.123643912817          0.721928354593         -4.233295625364     h 
         -1.039789158363          9.698930176818         -3.948173103470     h 
         -2.993463206072         -4.952549683257         -2.411117390418     c 
         -1.641726307551         -7.328214954853         -3.328077852967     c 
         -1.894273198928         -8.898290616078         -2.024388711261     h 
         -2.381955717825         -7.925033768458         -5.156883113609     h 
          0.372636425458         -7.014581010151         -3.547660249989     h 
         -5.783700360632         -5.555141121143         -1.980353768414     c 
         -6.618288677975         -6.358592597875         -3.685187410547     h 
         -6.053223632474         -6.921981882593         -0.469350620811     h 
         -6.850501311980         -3.852673052693         -1.538420289640     h 
         -2.808771446075         -2.839790417865         -4.363355298941     c 
         -3.539216424001         -1.076428045113         -3.592352177227     h 
         -0.868594340770         -2.507092848623         -4.937940617290     h 
         -3.885959564476         -3.300623218390         -6.060937987207     h 
         -0.858197900265         -6.126517771002          3.117038469302     c 
          1.587305127586         -7.543107479335          2.569443193005     c 
          1.452789427875         -8.598517252801          0.808077668341     h 
          3.187103967015         -6.250807416592          2.451319452200     h 
          1.996331054362         -8.896565288917          4.069669720880     h 
         -0.632349906910         -4.679569291772          5.602729725196     c 
          0.909195884381         -3.324883546205          5.529115645105     h 
         -2.366608122768         -3.649880322144          6.026967728734     h 
         -0.265003188535         -5.965235877294          7.172952886902     h 
         -3.055012901537         -7.984720756519          3.304677288476     c 
         -3.284262058426         -9.075837543170          1.578197732457     h 
         -2.730741050173         -9.329878290877          4.832429483081     h 
         -4.822209700961         -7.016353610509          3.713787072785     h 
          5.100089204891         -0.060296378760          5.458453893692     c 
          6.625334371511         -1.442021887335          5.571800645969     h 
          4.496685000221          0.350063120815          7.384903157970     h 
          3.543657108962         -0.937771007016          4.444899013423     h 
          0.340710385590          8.099341369657          0.545784151420     c 
          1.364399058266          7.149453273370          2.057156145750     h 
          1.342186514591          9.857938606054          0.154862081375     h 
         -1.531953082791          8.600511845879          1.243935247898     h 
          8.272131279980         -3.306690653714         -4.452028505722     c 
          5.787813790222         -1.674482994791         -4.904639867745     c 
          7.335294996047         -4.145225532367         -1.719871598224     c 
          9.997510482593         -2.169668310577         -4.408938416590     h 
          8.461294887653         -4.887184634124         -5.770306493518     h 
          3.759527434531         -3.720041682441         -4.347977350538     c 
          5.842959832968         -0.021500916725         -2.482244434502     c 
          5.641064341843         -0.667904663742         -6.725851117639     h 
          4.685264546704         -5.207179364057         -2.422484601285     c 
          6.788702403236         -1.504735842013         -0.572193423051     c 
          8.600066210139         -5.400535898689         -0.635225261947     h 
          2.276047363033         -4.265130796248         -5.673188604514     h 
          5.560029016364          2.019469237208         -2.419325154108     h 
          4.007684273130         -7.085978417138         -1.909727431409     h 
          7.424736391356         -0.845475844332          1.272679605318     h 
$end
