   17
        152          1        152
        138        153        290
         25        291        315
         76        316        391
         33        392        424
          1        425        425
          1        426        426
          1        427        427
         12        428        439
          1        440        440
          1        441        441
          1        442        442
          8        443        450
          1        451        451
          3        452        454
          2        455        456
          1        457        457
