   -0.04004111
   -0.03832781
   -0.03901820
   -0.04091104
   -0.04125021
    0.05324267
    0.05606516
    0.05088155
    0.04554520
    0.04494257
    0.19065252
   -0.04544247
   -0.02694450
   -0.03616707
   -0.04490321
   -0.04325945
    0.04045410
    0.03809830
    0.05007299
   -0.03990886
    0.02119347
   -0.00906754
   -0.07424780
    0.04868675
    0.04232171
    0.04635298
    0.00426626
    0.25501430
   -0.02459300
   -0.03112373
   -0.03401525
   -0.01401604
   -0.03055451
   -0.03213586
    0.06498595
    0.05874305
    0.04722955
    0.05988600
   -0.02560094
   -0.03013814
   -0.03128026
   -0.03210026
   -0.01308746
   -0.03321561
    0.06736683
    0.06438212
    0.05494364
    0.06018588
   -0.01948740
   -0.07329884
    0.04247559
    0.03047157
    0.04639490
   -0.07229353
    0.02697978
    0.02869082
    0.04579439
   -0.07659981
    0.04085748
    0.04060083
    0.05258818
   -0.02013568
   -0.07477462
    0.04119199
    0.04322399
    0.05249306
   -0.07531522
    0.03829174
    0.02493815
    0.05032987
   -0.07466741
    0.03322293
    0.04807567
    0.04831269
   -0.07480823
    0.03442087
    0.03473983
    0.05425221
   -0.07241193
    0.02327591
    0.04646407
    0.04725789
   -0.04909338
   -0.02801212
   -0.02831034
    0.06003488
    0.05970306
   -0.05018334
   -0.05007706
    0.04507531
   -0.04883917
   -0.04966314
    0.04832300
    0.03111363
    0.04048641
    0.02932609
    0.03440117
