# indices of neighbouring atoms (max seven)
2 5 6
1 3 7
2 4 8
3 5 9
1 4 10
1
2
3
4
5
1 2 3 4 5 12 13 14 15 16
13 16 17
12 14 20
13 15 22
14 16 18
12 15 19
12
15
16
13 21 23 27
20
14 28 49 62
20 24 25 26
23
23
23
20 28 29 39
22 27 88 89 91 92
27 32 33
31 34 35
30 32 36
29 31 75
29 34 37
30 33 38
30
31
33
34
27 42 43
41 44 45
40 42 46
39 41 47
39 44 79
40 43 48
40
41
42
44
22 50 54 58
49 51 52 53
50
50
50
49 55 56 57
54
54
54
49 59 60 61
58
58
58
22 63 67 71
62 64 65 66
63
63
63
62 68 69 70
67
67
67
62 72 73 74
71
71
71
32 76 77 78
75
75
75
43 80 81 82
79
79
79
84 85 86 87
83 88 89 90
83 91 92 93
83
83
84 91 94
84 92 95
84
85 88 96
85 89 97
85
88
89
91
92
