           1           2   1.30696342331617     
           2           3   1.28959975167351     
           3           4   1.30960134933109     
           1           5   1.31351603509273     
           4           5   1.30245625705516     
           1           6  0.965785626009260     
           2           7  0.966958570459010     
           3           8  0.967432021121371     
           4           9  0.965616849016128     
           5          10  0.960622051764967     
           1          11  0.276986270547606     
           2          11  0.300903548298539     
           3          11  0.295558405575910     
           4          11  0.278972020143928     
           5          11  0.279237616778305     
          11          12  0.285010860532210     
          11          13  0.296163957106643     
          12          13   1.27917872041668     
          11          14  0.284274839171842     
          13          14   1.21232616448903     
          11          15  0.289579486350141     
          14          15   1.24053031549090     
          11          16  0.269372071203616     
          12          16   1.29691769794482     
          15          16   1.32260982941651     
          12          17  0.965303306165849     
          15          18  0.956849819785286     
          16          19  0.971257907607378     
          13          20   1.00385439131687     
          20          21  0.913094037768437     
          14          22   1.00586197837337     
          20          23  0.997345064527072     
          23          24  0.973655425138544     
          23          25  0.981095756382403     
          23          26  0.974159350793736     
          20          27  0.922607284663935     
          22          28  0.830588551861112     
          27          28  0.858525762369976     
          27          29  0.979538447780809     
          29          30  0.102722226692971     
          30          31   1.45183013974517     
          29          32   1.36856290175549     
          31          32   1.40491506091432     
          29          33   1.37862568178495     
          31          33  0.107348885172688     
          30          34   1.42166120616625     
          32          34  0.102876370068200     
          33          34   1.45561049933616     
          30          35  0.969433065291532     
          31          36  0.966844503850197     
          33          37  0.950019813877262     
          34          38  0.968266352939758     
          27          39  0.974635160974140     
          39          40  0.100588028039339     
          40          41   1.43055186323750     
          39          42   1.38916446627368     
          41          42   1.44603157229434     
          39          43   1.35054624518104     
          41          43  0.104671168938533     
          40          44   1.44094526377413     
          42          44  0.104595038335120     
          43          44   1.41698880739481     
          40          45  0.969475071517751     
          41          46  0.968324928967296     
          42          47  0.957160158370425     
          44          48  0.966616327277958     
          22          49  0.900401048472453     
          49          50  0.996392507748700     
          50          51  0.977282797906972     
          50          52  0.958440802300785     
          50          53  0.975606035213791     
          49          54  0.990068378088960     
          54          55  0.956647999484149     
          54          56  0.946065746272354     
          54          57  0.977477955942209     
          49          58  0.996755429505009     
          58          59  0.971026867475273     
          58          60  0.975006033529644     
          58          61  0.978488718547104     
          22          62  0.899355312270739     
          62          63  0.997104824087062     
          63          64  0.972148701283710     
          63          65  0.974736753223528     
          63          66  0.975015391870704     
          62          67  0.993777704657839     
          67          68  0.974594674583270     
          67          69  0.934300664439862     
          67          70  0.978327921656125     
          62          71  0.990798257565946     
          71          72  0.957985685437960     
          71          73  0.975419152616315     
          71          74  0.978466369561662     
          32          75   1.02710817925887     
          75          76  0.901230291544282     
          75          77  0.960653408382300     
          75          78  0.978000237261833     
          43          79   1.02645270102191     
          79          80  0.912545449622405     
          79          81  0.961611793205973     
          79          82  0.976578745926934     
          83          84  0.975010914272393     
          83          85  0.974646361303863     
          83          86  0.975581379295777     
          83          87  0.975579561933005     
          28          88  0.440416386617116     
          84          88  0.973866800019056     
          28          89  0.416221155147968     
          84          89  0.966238189279993     
          84          90  0.971335950271803     
          28          91  0.431765774903208     
          85          91  0.965223107641149     
          88          91   1.50925156969335     
          28          92  0.429002040509267     
          85          92  0.973595143896885     
          89          92   1.52039036235250     
          85          93  0.971275116939177     
          88          94  0.931913490692699     
          89          95  0.936230343625160     
          91          96  0.934828790204452     
          92          97  0.935684963880768     
